Num.pkt, sum pkt size, sum TCP,sum UDP, sum ICMP, Num.Apache.Req.Res, Num.error,Logged?,Num.Diff.Pages,Num.Dns.query,Num.Dns.Error
9   804   0   6   3   0   0   0   0   3   0
3   276   0   2   1   0   0   0   0   1   0
3   252   0   2   1   0   0   0   0   1   0
3   252   0   2   1   0   0   0   0   1   0
9   644   0   6   3   0   0   0   0   3   2
8   560   0   6   2   0   0   0   0   3   2
3   196   0   2   1   0   0   0   0   1   1
5   356   0   4   1   0   0   0   0   2   1
3   276   0   2   1   0   0   0   0   1   0
3   276   0   2   1   0   0   0   0   1   0
6   456   0   5   1   0   0   0   0   2   1
5   388   0   4   1   0   0   0   0   2   1
3   196   0   2   1   0   0   0   0   1   1
5   420   0   4   1   0   0   0   0   2   0
7   500   0   6   1   0   0   0   0   3   1
3   196   0   2   1   0   0   0   0   1   1
7   524   0   6   1   0   0   0   0   3   1
3   252   0   2   1   0   0   0   0   1   0
5   308   0   4   1   0   0   0   0   2   2
5   388   0   4   1   0   0   0   0   2   1
5   420   0   4   1   0   0   0   0   2   0
5   364   0   4   1   0   0   0   0   2   1
5   340   0   4   1   0   0   0   0   2   1
3   196   0   2   1   0   0   0   0   1   1
5   364   0   4   1   0   0   0   0   2   1
7   524   0   6   1   0   0   0   0   3   1
3   196   0   2   1   0   0   0   0   1   1
3   196   0   2   1   0   0   0   0   1   1
5   308   0   4   1   0   0   0   0   2   2
7   532   0   6   1   0   0   0   0   3   1
3   196   0   2   1   0   0   0   0   1   1
3   196   0   2   1   0   0   0   0   1   1
3   276   0   2   1   0   0   0   0   1   0
3   276   0   2   1   0   0   0   0   1   0
5   420   0   4   1   0   0   0   0   2   0
7   548   0   6   1   0   0   0   0   3   1
7   476   0   6   1   0   0   0   0   3   2
5   396   0   4   1   0   0   0   0   2   0
5   396   0   4   1   0   0   0   0   2   0
3   252   0   2   1   0   0   0   0   1   0
7   500   0   6   1   0   0   0   0   3   1
6   528   0   4   2   0   0   0   0   2   0
2   144   0   2   0   0   0   0   0   1   0
5   388   0   4   1   0   0   0   0   2   1
3   252   0   2   1   0   0   0   0   1   0
3   196   0   2   1   0   0   0   0   1   1
5   340   0   4   1   0   0   0   0   2   1
5   364   0   4   1   0   0   0   0   2   1
5   412   0   4   1   0   0   0   0   2   0
3   252   0   2   1   0   0   0   0   1   0
3   276   0   2   1   0   0   0   0   1   0
5   364   0   4   1   0   0   0   0   2   1
5   396   0   4   1   0   0   0   0   2   0
5   420   0   4   1   0   0   0   0   2   0
7   548   0   6   1   0   0   0   0   3   1
7   476   0   6   1   0   0   0   0   3   2
9   692   0   8   1   0   0   0   0   4   1
3   276   0   2   1   0   0   0   0   1   0
7   556   0   6   1   0   0   0   0   3   0
5   420   0   4   1   0   0   0   0   2   0
3   276   0   2   1   0   0   0   0   1   0
5   396   0   4   1   0   0   0   0   2   0
5   364   0   4   1   0   0   0   0   2   1
5   364   0   4   1   0   0   0   0   2   1
3   196   0   2   1   0   0   0   0   1   1
3   196   0   2   1   0   0   0   0   1   1
7   508   0   6   1   0   0   0   0   3   1
5   388   0   4   1   0   0   0   0   2   1
8   640   0   6   2   0   0   0   0   3   1
0   0   0   0   0   0   0   0   0   0   0
7   452   0   6   1   0   0   0   0   3   2
5   340   0   4   1   0   0   0   0   2   1
9   612   0   8   1   0   0   0   0   4   2
5   412   0   4   1   0   0   0   0   2   0
6   488   0   5   1   0   0   0   0   2   0
3   196   0   2   1   0   0   0   0   1   1
7   500   0   6   1   0   0   0   0   3   2
5   340   0   4   1   0   0   0   0   2   1
5   340   0   4   1   0   0   0   0   2   1
3   196   0   2   1   0   0   0   0   1   1
6   472   0   4   2   0   0   0   0   2   1
4   304   0   4   0   0   0   0   0   2   0
3   196   0   2   1   0   0   0   0   1   1
8   632   0   6   2   0   0   0   0   3   1
2   112   0   2   0   0   0   0   0   1   1
3   252   0   2   1   0   0   0   0   1   0
3   196   0   2   1   0   0   0   0   1   1
5   396   0   4   1   0   0   0   0   2   0
3   196   0   2   1   0   0   0   0   1   1
3   252   0   2   1   0   0   0   0   1   0
3   196   0   2   1   0   0   0   0   1   1
3   196   0   2   1   0   0   0   0   1   1
9   628   0   8   1   0   0   0   0   4   1
3   252   0   2   1   0   0   0   0   1   0
3   252   0   2   1   0   0   0   0   1   0
3   196   0   2   1   0   0   0   0   1   1
3   252   0   2   1   0   0   0   0   1   0
7   500   0   6   1   0   0   0   0   3   2
9   628   0   8   1   0   0   0   0   4   2
3   196   0   2   1   0   0   0   0   1   1
3   196   0   2   1   0   0   0   0   1   1
3   276   0   2   1   0   0   0   0   1   0
5   356   0   4   1   0   0   0   0   2   1
5   388   0   4   1   0   0   0   0   2   1
3   276   0   2   1   0   0   0   0   1   0
3   196   0   2   1   0   0   0   0   1   1
5   388   0   4   1   0   0   0   0   2   1
5   364   0   4   1   0   0   0   0   2   1
3   196   0   2   1   0   0   0   0   1   1
6   448   0   4   2   0   0   0   0   2   1
4   256   0   4   0   0   0   0   0   2   1
3   276   0   2   1   0   0   0   0   1   0
5   396   0   4   1   0   0   0   0   2   0
5   388   0   4   1   0   0   0   0   2   1
3   276   0   2   1   0   0   0   0   1   0
7   524   0   6   1   0   0   0   0   3   1
3   196   0   2   1   0   0   0   0   1   1
11   692   0   10   1   0   0   0   0   5   4
5   412   0   4   1   0   0   0   0   2   0
6   528   0   4   2   0   0   0   0   2   0
4   224   0   4   0   0   0   0   0   2   2
3   276   0   2   1   0   0   0   0   1   0
3   252   0   2   1   0   0   0   0   1   0
6   528   0   4   2   0   0   0   0   2   0
2   112   0   2   0   0   0   0   0   1   1
6   472   0   4   2   0   0   0   0   2   1
2   112   0   2   0   0   0   0   0   1   1
3   196   0   2   1   0   0   0   0   1   1
5   364   0   4   1   0   0   0   0   2   1
5   396   0   4   1   0   0   0   0   2   0
6   392   0   4   2   0   0   0   0   2   2
2   144   0   2   0   0   0   0   0   1   0
3   252   0   2   1   0   0   0   0   1   0
3   196   0   2   1   0   0   0   0   1   1
7   580   0   6   1   0   0   0   0   3   0
5   308   0   4   1   0   0   0   0   2   2
3   196   0   2   1   0   0   0   0   1   1
6   504   0   4   2   0   0   0   0   2   0
0   0   0   0   0   0   0   0   0   0   0
5   308   0   4   1   0   0   0   0   2   2
5   388   0   4   1   0   0   0   0   2   1
6   528   0   4   2   0   0   0   0   2   0
2   112   0   2   0   0   0   0   0   1   1
4   269   0   3   1   0   0   0   0   1   1
5   356   0   4   1   0   0   0   0   2   1
6   472   0   4   2   0   0   0   0   2   1
4   256   0   4   0   0   0   0   0   2   1
6   448   0   4   2   0   0   0   0   2   1
4   272   0   4   0   0   0   0   0   2   1
5   340   0   4   1   0   0   0   0   2   1
5   340   0   4   1   0   0   0   0   2   1
5   396   0   4   1   0   0   0   0   2   0
3   196   0   2   1   0   0   0   0   1   1
7   524   0   6   1   0   0   0   0   3   1
5   356   0   4   1   0   0   0   0   2   1
5   388   0   4   1   0   0   0   0   2   1
3   276   0   2   1   0   0   0   0   1   0
3   252   0   2   1   0   0   0   0   1   0
3   196   0   2   1   0   0   0   0   1   1
3   252   0   2   1   0   0   0   0   1   0
3   196   0   2   1   0   0   0   0   1   1
3   252   0   2   1   0   0   0   0   1   0
5   356   0   4   1   0   0   0   0   2   1
3   252   0   2   1   0   0   0   0   1   0
3   196   0   2   1   0   0   0   0   1   1
3   252   0   2   1   0   0   0   0   1   0
5   396   0   4   1   0   0   0   0   2   0
6   472   0   4   2   0   0   0   0   2   1
2   112   0   2   0   0   0   0   0   1   1
3   276   0   2   1   0   0   0   0   1   0
3   196   0   2   1   0   0   0   0   1   1
3   252   0   2   1   0   0   0   0   1   0
6   528   0   4   2   0   0   0   0   2   0
5   364   0   4   1   0   0   0   0   2   1
2   112   0   2   0   0   0   0   0   1   1
3   196   0   2   1   0   0   0   0   1   1
3   196   0   2   1   0   0   0   0   1   1
7   476   0   6   1   0   0   0   0   3   2
3   252   0   2   1   0   0   0   0   1   0
9   724   0   8   1   0   0   0   0   4   0
6   504   0   4   2   0   0   0   0   2   0
2   144   0   2   0   0   0   0   0   1   0
3   276   0   2   1   0   0   0   0   1   0
5   364   0   4   1   0   0   0   0   2   1
3   276   0   2   1   0   0   0   0   1   0
3   276   0   2   1   0   0   0   0   1   0
5   308   0   4   1   0   0   0   0   2   2
3   276   0   2   1   0   0   0   0   1   0
3   196   0   2   1   0   0   0   0   1   1
5   396   0   4   1   0   0   0   0   2   0
6   392   0   4   2   0   0   0   0   2   2
2   144   0   2   0   0   0   0   0   1   0
5   356   0   4   1   0   0   0   0   2   1
3   196   0   2   1   0   0   0   0   1   1
5   420   0   4   1   0   0   0   0   2   0
5   364   0   4   1   0   0   0   0   2   1
6   392   0   4   2   0   0   0   0   2   2
5   436   0   4   1   0   0   0   0   2   0
5   388   0   4   1   0   0   0   0   2   1
6   464   0   6   0   0   0   0   0   3   0
5   388   0   4   1   0   0   0   0   2   1
5   340   0   4   1   0   0   0   0   2   1
7   516   0   5   2   0   0   0   0   2   1
2   144   0   2   0   0   0   0   0   1   0
5   356   0   4   1   0   0   0   0   2   1
6   448   0   4   2   0   0   0   0   2   1
3   276   0   2   1   0   0   0   0   1   0
2   144   0   2   0   0   0   0   0   1   0
9   692   0   8   1   0   0   0   0   4   1
5   420   0   4   1   0   0   0   0   2   0
3   252   0   2   1   0   0   0   0   1   0
7   540   0   6   1   0   0   0   0   3   0
5   340   0   4   1   0   0   0   0   2   1
3   276   0   2   1   0   0   0   0   1   0
7   556   0   6   1   0   0   0   0   3   0
3   196   0   2   1   0   0   0   0   1   1
6   504   0   4   2   0   0   0   0   2   0
4   304   0   4   0   0   0   0   0   2   0
3   252   0   2   1   0   0   0   0   1   0
8   592   0   6   2   0   0   0   0   3   1
4   224   0   4   0   0   0   0   0   2   2
6   528   0   4   2   0   0   0   0   2   0
9   740   0   8   1   0   0   0   0   4   0
6   448   0   6   0   0   0   0   0   3   0
3   196   0   2   1   0   0   0   0   1   1
3   276   0   2   1   0   0   0   0   1   0
8   688   0   6   2   0   0   0   0   3   0
2   160   0   2   0   0   0   0   0   1   0
7   548   0   6   1   0   0   0   0   3   1
5   356   0   4   1   0   0   0   0   2   1
5   364   0   4   1   0   0   0   0   2   1
5   308   0   4   1   0   0   0   0   2   2
3   196   0   2   1   0   0   0   0   1   1
5   340   0   4   1   0   0   0   0   2   1
6   448   0   4   2   0   0   0   0   2   1
4   304   0   4   0   0   0   0   0   2   0
5   308   0   4   1   0   0   0   0   2   2
5   308   0   4   1   0   0   0   0   2   2
5   396   0   4   1   0   0   0   0   2   0
3   252   0   2   1   0   0   0   0   1   0
3   276   0   2   1   0   0   0   0   1   0
5   436   0   4   1   0   0   0   0   2   0
6   504   0   4   2   0   0   0   0   2   0
5   396   0   4   1   0   0   0   0   2   0
2   160   0   2   0   0   0   0   0   1   0
8   672   0   6   2   0   0   0   0   3   0
4   288   0   4   0   0   0   0   0   3   0
6   528   0   4   2   0   0   0   0   1   0
2   160   0   2   0   0   0   0   0   1   0
5   340   0   4   1   0   0   0   0   2   1
3   252   0   2   1   0   0   0   0   1   0
5   420   0   4   1   0   0   0   0   2   0
3   276   0   2   1   0   0   0   0   1   0
10   752   0   8   2   0   0   0   0   4   2
2   144   0   2   0   0   0   0   0   1   0
5   388   0   4   1   0   0   0   0   2   1
8   560   0   6   2   0   0   0   0   3   2
4   288   0   4   0   0   0   0   0   2   0
3   252   0   2   1   0   0   0   0   1   0
3   252   0   2   1   0   0   0   0   1   0
5   412   0   4   1   0   0   0   0   2   0
5   388   0   4   1   0   0   0   0   2   1
3   252   0   2   1   0   0   0   0   1   0
3   196   0   2   1   0   0   0   0   1   1
6   552   0   4   2   0   0   0   0   2   0
4   256   0   4   0   0   0   0   0   2   1
6   472   0   4   2   0   0   0   0   2   1
2   160   0   2   0   0   0   0   0   1   0
8   660   0   7   1   0   0   0   0   4   0
4   300   0   3   1   0   0   0   0   1   1
3   196   0   2   1   0   0   0   0   1   1
3   252   0   2   1   0   0   0   0   1   0
10   784   0   8   2   0   0   0   0   4   1
2   112   0   2   0   0   0   0   0   1   1
5   308   0   4   1   0   0   0   0   2   2
3   196   0   2   1   0   0   0   0   1   1
6   392   0   4   2   0   0   0   0   2   2
7   532   0   6   1   0   0   0   0   3   1
4   272   0   4   0   0   0   0   0   2   1
3   252   0   2   1   0   0   0   0   1   0
6   552   0   4   2   0   0   0   0   2   0
2   112   0   2   0   0   0   0   0   1   1
5   356   0   4   1   0   0   0   0   2   1
6   528   0   4   2   0   0   0   0   2   0
2   160   0   2   0   0   0   0   0   1   0
5   412   0   4   1   0   0   0   0   2   0
9   636   0   8   1   0   0   0   0   4   2
5   364   0   4   1   0   0   0   0   2   1
3   276   0   2   1   0   0   0   0   1   0
3   252   0   2   1   0   0   0   0   1   0
5   356   0   4   1   0   0   0   0   2   1
3   228   0   2   1   0   0   0   0   1   1
5   412   0   4   1   0   0   0   0   2   0
8   688   0   6   2   0   0   0   0   3   0
5   420   0   4   1   0   0   0   0   2   0
4   256   0   4   0   0   0   0   0   2   1
5   308   0   4   1   0   0   0   0   2   2
3   276   0   2   1   0   0   0   0   1   0
3   196   0   2   1   0   0   0   0   1   1
5   388   0   4   1   0   0   0   0   2   1
8   552   0   6   2   0   0   0   0   3   2
4   320   0   4   0   0   0   0   0   2   0
3   196   0   2   1   0   0   0   0   1   1
3   252   0   2   1   0   0   0   0   1   0
8   584   0   6   2   0   0   0   0   3   2
7   556   0   6   1   0   0   0   0   3   0
2   112   0   2   0   0   0   0   0   1   1
5   308   0   4   1   0   0   0   0   2   2
5   396   0   4   1   0   0   0   0   2   0
5   396   0   4   1   0   0   0   0   2   0
3   252   0   2   1   0   0   0   0   1   0
5   340   0   4   1   0   0   0   0   2   1
3   276   0   2   1   0   0   0   0   1   0
5   356   0   4   1   0   0   0   0   2   1
12   960   0   10   2   0   0   0   0   5   1
2   160   0   2   0   0   0   0   0   1   0
3   276   0   2   1   0   0   0   0   1   0
8   664   0   6   2   0   0   0   0   3   0
3   252   0   2   1   0   0   0   0   1   0
2   112   0   2   0   0   0   0   0   1   1
5   436   0   4   1   0   0   0   0   2   0
3   252   0   2   1   0   0   0   0   1   0
5   396   0   4   1   0   0   0   0   2   0
3   252   0   2   1   0   0   0   0   1   0
5   308   0   4   1   0   0   0   0   2   2
5   340   0   4   1   0   0   0   0   2   1
3   196   0   2   1   0   0   0   0   1   1
3   196   0   2   1   0   0   0   0   1   1
8   648   0   6   2   0   0   0   0   3   0
6   464   0   6   0   0   0   0   0   3   0
5   308   0   4   1   0   0   0   0   2   2
9   668   0   8   1   0   0   0   0   4   1
3   276   0   2   1   0   0   0   0   1   0
3   196   0   2   1   0   0   0   0   1   1
10   752   0   8   2   0   0   0   0   4   2
4   272   0   4   0   0   0   0   0   2   1
5   308   0   4   1   0   0   0   0   2   2
3   196   0   2   1   0   0   0   0   1   1
3   196   0   2   1   0   0   0   0   1   1
3   252   0   2   1   0   0   0   0   1   0
3   276   0   2   1   0   0   0   0   1   0
5   388   0   4   1   0   0   0   0   2   1
5   364   0   4   1   0   0   0   0   2   1
3   196   0   2   1   0   0   0   0   1   1
6   504   0   4   2   0   0   0   0   2   0
2   160   0   2   0   0   0   0   0   1   0
8   696   0   6   2   0   0   0   0   3   0
4   288   0   4   0   0   0   0   0   2   0
5   420   0   4   1   0   0   0   0   2   0
8   536   0   6   2   0   0   0   0   3   2
2   144   0   2   0   0   0   0   0   1   0
6   472   0   4   2   0   0   0   0   2   1
4   224   0   4   0   0   0   0   0   2   2
3   196   0   2   1   0   0   0   0   1   1
7   476   0   6   1   0   0   0   0   3   2
8   560   0   6   2   0   0   0   0   3   2
6   416   0   6   0   0   0   0   0   3   1
5   412   0   4   1   0   0   0   0   2   0
7   500   0   6   1   0   0   0   0   3   2
7   540   0   6   1   0   0   0   0   3   0
5   340   0   4   1   0   0   0   0   2   1
3   252   0   2   1   0   0   0   0   1   0
8   688   0   6   2   0   0   0   0   3   0
2   112   0   2   0   0   0   0   0   1   1
6   528   0   4   2   0   0   0   0   2   0
2   112   0   2   0   0   0   0   0   1   1
5   364   0   4   1   0   0   0   0   2   1
3   252   0   2   1   0   0   0   0   1   0
6   472   0   4   2   0   0   0   0   2   1
4   304   0   4   0   0   0   0   0   2   0
8   560   0   6   2   0   0   0   0   3   2
2   112   0   2   0   0   0   0   0   1   1
8   648   0   6   2   0   0   0   0   3   0
6   448   0   6   0   0   0   0   0   3   0
5   356   0   4   1   0   0   0   0   2   1
3   252   0   2   1   0   0   0   0   1   0
12   888   0   10   2   0   0   0   0   5   2
2   144   0   2   0   0   0   0   0   1   0
5   412   0   4   1   0   0   0   0   2   0
6   448   0   4   2   0   0   0   0   2   1
3   196   0   2   1   0   0   0   0   1   1
2   144   0   2   0   0   0   0   0   1   0
7   556   0   6   1   0   0   0   0   3   0
5   436   0   4   1   0   0   0   0   2   0
5   396   0   4   1   0   0   0   0   2   0
3   196   0   2   1   0   0   0   0   1   1
3   196   0   2   1   0   0   0   0   1   1
6   448   0   4   2   0   0   0   0   2   1
3   196   0   2   1   0   0   0   0   1   1
5   412   0   4   1   0   0   0   0   2   0
2   144   0   2   0   0   0   0   0   1   0
6   472   0   4   2   0   0   0   0   2   1
2   144   0   2   0   0   0   0   0   1   0
3   252   0   2   1   0   0   0   0   1   0
3   276   0   2   1   0   0   0   0   1   0
5   396   0   4   1   0   0   0   0   2   0
5   356   0   4   1   0   0   0   0   2   1
6   472   0   4   2   0   0   0   0   2   1
7   524   0   6   1   0   0   0   0   3   1
3   252   0   2   1   0   0   0   0   1   0
4   272   0   4   0   0   0   0   0   2   1
5   412   0   4   1   0   0   0   0   2   0
3   276   0   2   1   0   0   0   0   1   0
3   276   0   2   1   0   0   0   0   1   0
5   356   0   4   1   0   0   0   0   2   1
8   584   0   6   2   0   0   0   0   3   2
2   144   0   2   0   0   0   0   0   1   0
8   632   0   6   2   0   0   0   0   3   1
0   0   0   0   0   0   0   0   0   1   1
5   308   0   4   1   0   0   0   0   1   1
6   504   0   4   2   0   0   0   0   2   0
4   304   0   4   0   0   0   0   0   2   0
3   252   0   2   1   0   0   0   0   1   0
7   500   0   6   1   0   0   0   0   3   1
3   196   0   2   1   0   0   0   0   1   1
6   392   0   4   2   0   0   0   0   2   2
2   112   0   2   0   0   0   0   0   1   1
8   688   0   6   2   0   0   0   0   3   0
2   144   0   2   0   0   0   0   0   1   0
8   608   0   6   2   0   0   0   0   3   1
5   412   0   4   1   0   0   0   0   2   0
5   420   0   4   1   0   0   0   0   2   0
2   144   0   2   0   0   0   0   0   1   0
8   712   0   6   2   0   0   0   0   3   0
2   144   0   2   0   0   0   0   0   1   0
5   396   0   4   1   0   0   0   0   2   0
7   468   0   6   1   0   0   0   0   3   2
3   196   0   2   1   0   0   0   0   1   1
6   528   0   4   2   0   0   0   0   2   0
5   340   0   4   1   0   0   0   0   2   1
4   304   0   4   0   0   0   0   0   2   0
3   196   0   2   1   0   0   0   0   1   1
5   420   0   4   1   0   0   0   0   2   0
3   252   0   2   1   0   0   0   0   1   0
6   472   0   4   2   0   0   0   0   2   1
7   468   0   6   1   0   0   0   0   3   2
3   276   0   2   1   0   0   0   0   1   0
4   304   0   4   0   0   0   0   0   2   0
3   276   0   2   1   0   0   0   0   1   0
12   936   0   10   2   0   0   0   0   5   2
3   252   0   2   1   0   0   0   0   1   0
4   272   0   4   0   0   0   0   0   2   1
5   412   0   4   1   0   0   0   0   2   0
3   252   0   2   1   0   0   0   0   1   0
6   392   0   4   2   0   0   0   0   2   2
3   252   0   2   1   0   0   0   0   1   0
2   144   0   2   0   0   0   0   0   1   0
6   472   0   4   2   0   0   0   0   2   1
3   276   0   2   1   0   0   0   0   1   0
7   500   0   6   1   0   0   0   0   3   2
2   112   0   2   0   0   0   0   0   1   1
6   448   0   4   2   0   0   0   0   2   1
2   160   0   2   0   0   0   0   0   1   0
3   252   0   2   1   0   0   0   0   1   0
3   276   0   2   1   0   0   0   0   1   0
6   472   0   4   2   0   0   0   0   2   1
7   572   0   6   1   0   0   0   0   3   0
4   272   0   4   0   0   0   0   0   2   1
9   756   0   7   2   0   0   0   0   3   0
0   0   0   0   0   0   0   0   0   0   0
5   364   0   4   1   0   0   0   0   2   1
5   412   0   4   1   0   0   0   0   2   0
6   392   0   4   2   0   0   0   0   2   2
7   532   0   6   1   0   0   0   0   3   1
7   540   0   6   1   0   0   0   0   3   0
2   160   0   2   0   0   0   0   0   1   0
5   396   0   4   1   0   0   0   0   2   0
3   252   0   2   1   0   0   0   0   1   0
10   840   0   8   2   0   0   0   0   4   0
2   160   0   2   0   0   0   0   0   1   0
6   448   0   4   2   0   0   0   0   2   1
2   112   0   2   0   0   0   0   0   1   1
6   528   0   4   2   0   0   0   0   2   0
2   112   0   2   0   0   0   0   0   1   1
5   412   0   4   1   0   0   0   0   2   0
3   196   0   2   1   0   0   0   0   1   1
6   528   0   4   2   0   0   0   0   2   0
7   556   0   6   1   0   0   0   0   3   0
4   304   0   4   0   0   0   0   0   2   0
3   276   0   2   1   0   0   0   0   1   0
3   276   0   2   1   0   0   0   0   1   0
3   276   0   2   1   0   0   0   0   1   0
5   396   0   4   1   0   0   0   0   2   0
3   196   0   2   1   0   0   0   0   1   1
6   472   0   4   2   0   0   0   0   2   1
2   144   0   2   0   0   0   0   0   2   0
7   532   0   6   1   0   0   0   0   2   1
5   340   0   4   1   0   0   0   0   2   1
3   252   0   2   1   0   0   0   0   1   0
3   252   0   2   1   0   0   0   0   1   0
3   276   0   2   1   0   0   0   0   1   0
6   504   0   4   2   0   0   0   0   2   0
2   160   0   2   0   0   0   0   0   1   0
6   448   0   4   2   0   0   0   0   2   1
5   388   0   4   1   0   0   0   0   2   1
4   288   0   4   0   0   0   0   0   2   0
3   252   0   2   1   0   0   0   0   1   0
3   276   0   2   1   0   0   0   0   1   0
6   472   0   4   2   0   0   0   0   2   1
2   112   0   2   0   0   0   0   0   1   1
5   436   0   4   1   0   0   0   0   2   0
8   552   0   6   2   0   0   0   0   3   2
7   524   0   6   1   0   0   0   0   3   1
3   196   0   2   1   0   0   0   0   1   1
2   112   0   2   0   0   0   0   0   1   1
7   500   0   6   1   0   0   0   0   3   2
6   472   0   4   2   0   0   0   0   2   1
5   412   0   4   1   0   0   0   0   2   0
2   112   0   2   0   0   0   0   0   1   1
3   276   0   2   1   0   0   0   0   1   0
8   592   0   6   2   0   0   0   0   3   1
5   340   0   4   1   0   0   0   0   2   1
3   276   0   2   1   0   0   0   0   1   0
2   160   0   2   0   0   0   0   0   1   0
7   548   0   6   1   0   0   0   0   3   1
6   392   0   4   2   0   0   0   0   2   2
5   340   0   4   1   0   0   0   0   2   1
2   160   0   2   0   0   0   0   0   1   0
3   252   0   2   1   0   0   0   0   1   0
6   504   0   4   2   0   0   0   0   2   0
4   256   0   4   0   0   0   0   0   2   1
3   196   0   2   1   0   0   0   0   1   1
3   196   0   2   1   0   0   0   0   1   1
5   396   0   4   1   0   0   0   0   2   0
3   276   0   2   1   0   0   0   0   1   0
6   504   0   4   2   0   0   0   0   3   1
7   468   0   6   1   0   0   0   0   2   1
4   272   0   4   0   0   0   0   0   2   1
6   448   0   4   2   0   0   0   0   2   1
2   160   0   2   0   0   0   0   0   1   0
6   472   0   4   2   0   0   0   0   2   1
2   144   0   2   0   0   0   0   0   1   0
5   340   0   4   1   0   0   0   0   2   1
3   252   0   2   1   0   0   0   0   1   0
3   196   0   2   1   0   0   0   0   1   1
5   396   0   4   1   0   0   0   0   2   0
10   808   0   8   2   0   0   0   0   4   1
2   160   0   2   0   0   0   0   0   1   0
3   252   0   2   1   0   0   0   0   1   0
8   584   0   6   2   0   0   0   0   3   2
2   112   0   2   0   0   0   0   0   1   1
6   448   0   4   2   0   0   0   0   2   1
2   112   0   2   0   0   0   0   0   1   1
3   252   0   2   1   0   0   0   0   1   0
5   308   0   4   1   0   0   0   0   2   2
3   196   0   2   1   0   0   0   0   1   1
3   196   0   2   1   0   0   0   0   1   1
3   196   0   2   1   0   0   0   0   1   1
3   276   0   2   1   0   0   0   0   1   0
5   412   0   4   1   0   0   0   0   2   0
3   252   0   2   1   0   0   0   0   1   0
8   608   0   6   2   0   0   0   0   3   1
2   160   0   2   0   0   0   0   0   1   0
6   528   0   4   2   0   0   0   0   2   0
2   160   0   2   0   0   0   0   0   1   0
7   484   0   6   1   0   0   0   0   3   1
3   252   0   2   1   0   0   0   0   1   0
3   252   0   2   1   0   0   0   0   1   0
8   592   0   6   2   0   0   0   0   3   1
7   596   0   6   1   0   0   0   0   3   0
4   224   0   4   0   0   0   0   0   2   2
3   252   0   2   1   0   0   0   0   1   0
3   196   0   2   1   0   0   0   0   1   1
5   308   0   4   1   0   0   0   0   2   2
5   420   0   4   1   0   0   0   0   2   0
5   412   0   4   1   0   0   0   0   2   0
3   196   0   2   1   0   0   0   0   1   1
7   524   0   6   1   0   0   0   0   3   1
3   196   0   2   1   0   0   0   0   1   1
3   196   0   2   1   0   0   0   0   1   1
8   712   0   6   2   0   0   0   0   3   0
2   160   0   2   0   0   0   0   0   1   0
5   308   0   4   1   0   0   0   0   2   2
10   672   0   8   2   0   0   0   0   4   3
4   288   0   4   0   0   0   0   0   2   0
8   504   0   6   2   0   0   0   0   3   3
2   112   0   2   0   0   0   0   0   1   1
3   276   0   2   1   0   0   0   0   1   0
3   276   0   2   1   0   0   0   0   1   0
3   276   0   2   1   0   0   0   0   1   0
6   528   0   4   2   0   0   0   0   2   0
3   196   0   2   1   0   0   0   0   1   1
5   412   0   4   1   0   0   0   0   2   0
5   436   0   4   1   0   0   0   0   2   0
5   412   0   4   1   0   0   0   0   2   0
2   160   0   2   0   0   0   0   0   1   0
9   660   0   8   1   0   0   0   0   4   2
3   252   0   2   1   0   0   0   0   1   0
6   472   0   4   2   0   0   0   0   2   1
5   356   0   4   1   0   0   0   0   2   1
2   144   0   2   0   0   0   0   0   1   0
5   396   0   4   1   0   0   0   0   2   0
3   196   0   2   1   0   0   0   0   1   1
6   448   0   4   2   0   0   0   0   2   1
2   144   0   2   0   0   0   0   0   1   0
6   504   0   4   2   0   0   0   0   2   0
4   224   0   4   0   0   0   0   0   2   2
8   672   0   6   2   0   0   0   0   3   0
2   160   0   2   0   0   0   0   0   1   0
3   276   0   2   1   0   0   0   0   1   0
10   728   0   8   2   0   0   0   0   4   2
7   508   0   6   1   0   0   0   0   3   1
3   276   0   2   1   0   0   0   0   1   0
5   308   0   4   1   0   0   0   0   2   2
3   276   0   2   1   0   0   0   0   1   0
7   580   0   6   1   0   0   0   0   3   0
5   388   0   4   1   0   0   0   0   2   1
4   304   0   4   0   0   0   0   0   2   0
3   196   0   2   1   0   0   0   0   1   1
3   276   0   2   1   0   0   0   0   1   0
3   276   0   2   1   0   0   0   0   1   0
8   632   0   6   2   0   0   0   0   3   1
2   144   0   2   0   0   0   0   0   1   0
6   552   0   4   2   0   0   0   0   2   0
2   144   0   2   0   0   0   0   0   1   0
8   712   0   6   2   0   0   0   0   3   0
5   436   0   4   1   0   0   0   0   2   0
2   160   0   2   0   0   0   0   0   1   0
6   552   0   4   2   0   0   0   0   2   0
7   556   0   6   1   0   0   0   0   3   0
3   252   0   2   1   0   0   0   0   1   0
3   252   0   2   1   0   0   0   0   1   0
3   276   0   2   1   0   0   0   0   1   0
2   160   0   2   0   0   0   0   0   1   0
6   448   0   4   2   0   0   0   0   2   1
9   708   0   8   1   0   0   0   0   4   0
2   144   0   2   0   0   0   0   0   1   0
8   560   0   6   2   0   0   0   0   3   2
7   580   0   6   1   0   0   0   0   3   0
9   652   0   8   1   0   0   0   0   4   1
2   112   0   2   0   0   0   0   0   1   1
7   468   0   6   1   0   0   0   0   3   2
10   760   0   8   2   0   0   0   0   4   1
7   500   0   6   1   0   0   0   0   3   1
3   196   0   2   1   0   0   0   0   1   1
3   276   0   2   1   0   0   0   0   1   0
5   420   0   4   1   0   0   0   0   2   0
7   500   0   6   1   0   0   0   0   3   2
3   276   0   2   1   0   0   0   0   1   0
6   416   0   6   0   0   0   0   0   3   1
5   396   0   4   1   0   0   0   0   2   0
12   984   0   10   2   0   0   0   0   5   1
3   196   0   2   1   0   0   0   0   1   1
5   308   0   4   1   0   0   0   0   2   2
4   304   0   4   0   0   0   0   0   2   0
5   420   0   4   1   0   0   0   0   2   0
3   252   0   2   1   0   0   0   0   1   0
6   528   0   4   2   0   0   0   0   2   0
5   420   0   4   1   0   0   0   0   2   0
5   420   0   4   1   0   0   0   0   2   0
5   308   0   4   1   0   0   0   0   2   2
2   144   0   2   0   0   0   0   0   1   0
7   516   0   6   1   0   0   0   0   3   1
5   396   0   4   1   0   0   0   0   2   0
3   196   0   2   1   0   0   0   0   1   1
6   437   0   5   1   0   0   0   0   2   1
3   196   0   2   1   0   0   0   0   1   1
8   632   0   6   2   0   0   0   0   3   1
2   160   0   2   0   0   0   0   0   1   0
6   528   0   4   2   0   0   0   0   2   0
7   564   0   6   1   0   0   0   0   3   0
2   112   0   2   0   0   0   0   0   1   1
5   388   0   4   1   0   0   0   0   2   1
3   196   0   2   1   0   0   0   0   1   1
3   196   0   2   1   0   0   0   0   1   1
8   664   0   6   2   0   0   0   0   3   0
3   196   0   2   1   0   0   0   0   1   1
2   112   0   2   0   0   0   0   0   1   1
6   448   0   4   2   0   0   0   0   2   1
2   144   0   2   0   0   0   0   0   1   0
3   252   0   2   1   0   0   0   0   1   0
5   364   0   4   1   0   0   0   0   2   1
3   276   0   2   1   0   0   0   0   1   0
6   472   0   4   2   0   0   0   0   2   1
5   412   0   4   1   0   0   0   0   2   0
3   196   0   2   1   0   0   0   0   1   1
4   320   0   4   0   0   0   0   0   2   0
5   356   0   4   1   0   0   0   0   2   1
6   552   0   4   2   0   0   0   0   2   0
4   304   0   4   0   0   0   0   0   2   0
3   252   0   2   1   0   0   0   0   1   0
3   196   0   2   1   0   0   0   0   1   1
3   196   0   2   1   0   0   0   0   1   1
6   472   0   4   2   0   0   0   0   2   1
3   196   0   2   1   0   0   0   0   1   1
2   144   0   2   0   0   0   0   0   1   0
6   472   0   4   2   0   0   0   0   2   1
2   144   0   2   0   0   0   0   0   1   0
5   412   0   4   1   0   0   0   0   2   0
10   800   0   8   2   0   0   0   0   4   1
3   196   0   2   1   0   0   0   0   1   1
3   276   0   2   1   0   0   0   0   1   0
3   276   0   2   1   0   0   0   0   1   0
2   160   0   2   0   0   0   0   0   1   0
5   308   0   4   1   0   0   0   0   2   2
3   196   0   2   1   0   0   0   0   1   1
3   252   0   2   1   0   0   0   0   1   0
9   708   0   8   1   0   0   0   0   4   1
8   664   0   6   2   0   0   0   0   3   0
2   112   0   2   0   0   0   0   0   1   1
5   364   0   4   1   0   0   0   0   2   1
3   252   0   2   1   0   0   0   0   1   0
3   276   0   2   1   0   0   0   0   1   0
6   448   0   4   2   0   0   0   0   2   1
3   276   0   2   1   0   0   0   0   1   0
5   388   0   4   1   0   0   0   0   2   1
7   500   0   6   1   0   0   0   0   3   2
5   364   0   4   1   0   0   0   0   2   1
5   364   0   4   1   0   0   0   0   2   1
2   160   0   2   0   0   0   0   0   1   0
7   468   0   6   1   0   0   0   0   3   2
5   436   0   4   1   0   0   0   0   2   0
3   252   0   2   1   0   0   0   0   1   0
7   484   0   6   1   0   0   0   0   3   1
3   252   0   2   1   0   0   0   0   1   0
3   276   0   2   1   0   0   0   0   1   0
8   688   0   6   2   0   0   0   0   3   0
5   308   0   4   1   0   0   0   0   2   2
4   224   0   4   0   0   0   0   0   2   2
3   276   0   2   1   0   0   0   0   1   0
10   824   0   8   2   0   0   0   0   4   1
3   252   0   2   1   0   0   0   0   1   0
3   276   0   2   1   0   0   0   0   1   0
2   112   0   2   0   0   0   0   0   1   1
3   252   0   2   1   0   0   0   0   1   0
8   552   0   6   2   0   0   0   0   3   2
2   144   0   2   0   0   0   0   0   1   0
8   608   0   6   2   0   0   0   0   3   1
5   364   0   4   1   0   0   0   0   2   1
5   396   0   4   1   0   0   0   0   2   0
2   160   0   2   0   0   0   0   0   1   0
8   688   0   6   2   0   0   0   0   3   0
7   540   0   6   1   0   0   0   0   3   0
5   412   0   4   1   0   0   0   0   2   0
2   160   0   2   0   0   0   0   0   1   0
5   356   0   4   1   0   0   0   0   2   1
10   752   0   8   2   0   0   0   0   4   1
3   276   0   2   1   0   0   0   0   1   0
5   308   0   4   1   0   0   0   0   2   2
7   548   0   6   1   0   0   0   0   3   1
3   196   0   2   1   0   0   0   0   1   1
3   252   0   2   1   0   0   0   0   1   0
7   476   0   6   1   0   0   0   0   3   2
2   160   0   2   0   0   0   0   0   1   0
6   448   0   4   2   0   0   0   0   2   1
5   420   0   4   1   0   0   0   0   2   0
5   356   0   4   1   0   0   0   0   2   1
5   364   0   4   1   0   0   0   0   2   1
5   340   0   4   1   0   0   0   0   2   1
3   252   0   2   1   0   0   0   0   1   0
4   304   0   4   0   0   0   0   0   2   0
6   392   0   4   2   0   0   0   0   2   2
5   420   0   4   1   0   0   0   0   2   0
2   112   0   2   0   0   0   0   0   1   1
10   752   0   8   2   0   0   0   0   4   1
3   252   0   2   1   0   0   0   0   1   0
5   436   0   4   1   0   0   0   0   2   0
6   368   0   6   0   0   0   0   0   3   2
6   552   0   4   2   0   0   0   0   2   0
5   396   0   4   1   0   0   0   0   2   0
3   252   0   2   1   0   0   0   0   1   0
2   144   0   2   0   0   0   0   0   1   0
6   448   0   4   2   0   0   0   0   2   1
3   196   0   2   1   0   0   0   0   1   1
2   144   0   2   0   0   0   0   0   1   0
5   356   0   4   1   0   0   0   0   2   1
8   664   0   6   2   0   0   0   0   3   0
5   420   0   4   1   0   0   0   0   2   0
2   112   0   2   0   0   0   0   0   1   1
10   784   0   8   2   0   0   0   0   4   1
3   252   0   2   1   0   0   0   0   1   0
2   160   0   2   0   0   0   0   0   1   0
5   356   0   4   1   0   0   0   0   2   1
6   448   0   4   2   0   0   0   0   2   1
7   548   0   6   1   0   0   0   0   3   1
2   144   0   2   0   0   0   0   0   1   0
3   196   0   2   1   0   0   0   0   1   1
5   308   0   4   1   0   0   0   0   2   2
7   468   0   6   1   0   0   0   0   3   2
8   688   0   6   2   0   0   0   0   3   0
5   364   0   4   1   0   0   0   0   2   1
7   548   0   6   1   0   0   0   0   3   1
2   144   0   2   0   0   0   0   0   1   0
6   472   0   4   2   0   0   0   0   2   1
3   276   0   2   1   0   0   0   0   1   0
5   436   0   4   1   0   0   0   0   2   0
7   476   0   6   1   0   0   0   0   3   2
2   112   0   2   0   0   0   0   0   1   1
3   252   0   2   1   0   0   0   0   1   0
3   196   0   2   1   0   0   0   0   1   1
5   340   0   4   1   0   0   0   0   2   1
6   392   0   4   2   0   0   0   0   2   2
2   160   0   2   0   0   0   0   0   1   0
5   420   0   4   1   0   0   0   0   2   0
10   752   0   8   2   0   0   0   0   4   1
3   252   0   2   1   0   0   0   0   1   0
2   144   0   2   0   0   0   0   0   1   0
6   448   0   4   2   0   0   0   0   2   1
3   276   0   2   1   0   0   0   0   1   0
4   320   0   4   0   0   0   0   0   2   0
6   552   0   4   2   0   0   0   0   2   0
5   340   0   4   1   0   0   0   0   2   1
2   160   0   2   0   0   0   0   0   1   0
5   364   0   4   1   0   0   0   0   2   1
3   252   0   2   1   0   0   0   0   1   0
3   252   0   2   1   0   0   0   0   1   0
6   392   0   4   2   0   0   0   0   2   2
5   436   0   4   1   0   0   0   0   2   0
2   112   0   2   0   0   0   0   0   1   1
3   252   0   2   1   0   0   0   0   1   0
3   196   0   2   1   0   0   0   0   1   1
6   448   0   4   2   0   0   0   0   2   1
2   160   0   2   0   0   0   0   0   1   0
3   252   0   2   1   0   0   0   0   1   0
10   752   0   8   2   0   0   0   0   4   1
3   276   0   2   1   0   0   0   0   1   0
2   160   0   2   0   0   0   0   0   1   0
3   252   0   2   1   0   0   0   0   1   0
6   504   0   4   2   0   0   0   0   2   0
2   160   0   2   0   0   0   0   0   1   0
10   840   0   8   2   0   0   0   0   4   0
3   276   0   2   1   0   0   0   0   1   0
7   580   0   6   1   0   0   0   0   3   0
3   276   0   2   1   0   0   0   0   1   0
7   500   0   6   1   0   0   0   0   3   2
5   412   0   4   1   0   0   0   0   2   0
6   336   0   6   0   0   0   0   0   3   3
8   672   0   6   2   0   0   0   0   3   0
5   356   0   4   1   0   0   0   0   2   1
2   160   0   2   0   0   0   0   0   1   0
6   528   0   4   2   0   0   0   0   2   0
5   356   0   4   1   0   0   0   0   2   1
5   412   0   4   1   0   0   0   0   2   0
5   388   0   4   1   0   0   0   0   2   1
3   252   0   2   1   0   0   0   0   1   0
2   160   0   2   0   0   0   0   0   1   0
3   276   0   2   1   0   0   0   0   1   0
5   436   0   4   1   0   0   0   0   2   0
3   196   0   2   1   0   0   0   0   1   1
6   528   0   4   2   0   0   0   0   2   0
7   476   0   6   1   0   0   0   0   3   2
2   112   0   2   0   0   0   0   0   1   1
6   528   0   4   2   0   0   0   0   2   0
5   340   0   4   1   0   0   0   0   2   1
3   252   0   2   1   0   0   0   0   1   0
2   144   0   2   0   0   0   0   0   1   0
12   936   0   10   2   0   0   0   0   5   1
5   308   0   4   1   0   0   0   0   2   2
5   396   0   4   1   0   0   0   0   2   0
3   276   0   2   1   0   0   0   0   1   0
5   412   0   4   1   0   0   0   0   2   0
2   144   0   2   0   0   0   0   0   1   0
5   412   0   4   1   0   0   0   0   2   0
3   196   0   2   1   0   0   0   0   1   1
8   536   0   6   2   0   0   0   0   3   2
3   196   0   2   1   0   0   0   0   1   1
3   252   0   2   1   0   0   0   0   1   0
2   144   0   2   0   0   0   0   0   1   0
5   364   0   4   1   0   0   0   0   2   1
8   632   0   6   2   0   0   0   0   3   1
2   112   0   2   0   0   0   0   0   1   1
6   472   0   4   2   0   0   0   0   2   1
3   252   0   2   1   0   0   0   0   1   0
7   420   0   6   1   0   0   0   0   3   3
5   340   0   4   1   0   0   0   0   2   1
2   144   0   2   0   0   0   0   0   1   0
6   528   0   4   2   0   0   0   0   2   0
7   540   0   6   1   0   0   0   0   3   0
3   196   0   2   1   0   0   0   0   1   1
7   484   0   6   1   0   0   0   0   3   1
5   364   0   4   1   0   0   0   0   2   1
3   276   0   2   1   0   0   0   0   1   0
5   388   0   4   1   0   0   0   0   2   1
3   252   0   2   1   0   0   0   0   1   0
5   340   0   4   1   0   0   0   0   2   1
3   196   0   2   1   0   0   0   0   1   1
9   668   0   8   1   0   0   0   0   4   1
5   396   0   4   1   0   0   0   0   2   0
6   416   0   6   0   0   0   0   0   3   1
6   448   0   4   2   0   0   0   0   2   1
7   572   0   6   1   0   0   0   0   3   0
7   476   0   6   1   0   0   0   0   3   2
5   412   0   4   1   0   0   0   0   2   0
2   160   0   2   0   0   0   0   0   1   0
5   436   0   4   1   0   0   0   0   2   0
5   420   0   4   1   0   0   0   0   2   0
3   196   0   2   1   0   0   0   0   1   1
3   276   0   2   1   0   0   0   0   1   0
8   608   0   6   2   0   0   0   0   3   1
3   196   0   2   1   0   0   0   0   1   1
5   364   0   4   1   0   0   0   0   2   1
3   196   0   2   1   0   0   0   0   1   1
7   548   0   6   1   0   0   0   0   3   1
3   196   0   2   1   0   0   0   0   1   1
2   160   0   2   0   0   0   0   0   1   0
3   252   0   2   1   0   0   0   0   1   0
6   448   0   4   2   0   0   0   0   2   1
7   532   0   6   1   0   0   0   0   3   1
5   344   0   5   0   0   0   0   0   3   1
6   460   0   5   1   0   0   0   0   2   0
6   448   0   4   2   0   0   0   0   2   1
2   112   0   2   0   0   0   0   0   1   1
3   196   0   2   1   0   0   0   0   1   1
3   252   0   2   1   0   0   0   0   1   0
6   392   0   4   2   0   0   0   0   2   2
5   364   0   4   1   0   0   0   0   2   1
9   644   0   8   1   0   0   0   0   4   1
2   144   0   2   0   0   0   0   0   1   0
6   448   0   4   2   0   0   0   0   2   1
2   160   0   2   0   0   0   0   0   1   0
6   448   0   4   2   0   0   0   0   2   1
2   144   0   2   0   0   0   0   0   1   0
8   584   0   6   2   0   0   0   0   3   2
5   340   0   4   1   0   0   0   0   2   1
5   356   0   4   1   0   0   0   0   2   1
2   144   0   2   0   0   0   0   0   1   0
6   552   0   4   2   0   0   0   0   2   0
2   160   0   2   0   0   0   0   0   1   0
6   448   0   4   2   0   0   0   0   2   1
2   144   0   2   0   0   0   0   0   1   0
6   528   0   4   2   0   0   0   0   2   0
2   112   0   2   0   0   0   0   0   1   1
3   276   0   2   1   0   0   0   0   1   0
8   560   0   6   2   0   0   0   0   3   2
7   580   0   6   1   0   0   0   0   3   0
3   196   0   2   1   0   0   0   0   1   1
5   340   0   4   1   0   0   0   0   2   1
3   196   0   2   1   0   0   0   0   1   1
7   556   0   6   1   0   0   0   0   3   0
3   196   0   2   1   0   0   0   0   1   1
3   252   0   2   1   0   0   0   0   1   0
5   420   0   4   1   0   0   0   0   2   0
2   144   0   2   0   0   0   0   0   1   0
6   552   0   4   2   0   0   0   0   2   0
5   412   0   4   1   0   0   0   0   2   0
3   196   0   2   1   0   0   0   0   1   1
4   272   0   4   0   0   0   0   0   2   1
6   528   0   4   2   0   0   0   0   2   0
2   160   0   2   0   0   0   0   0   1   0
8   560   0   6   2   0   0   0   0   3   2
5   412   0   4   1   0   0   0   0   2   0
5   340   0   4   1   0   0   0   0   2   1
7   524   0   6   1   0   0   0   0   3   1
3   252   0   2   1   0   0   0   0   1   0
2   112   0   2   0   0   0   0   0   1   1
8   536   0   6   2   0   0   0   0   3   2
6   400   0   6   0   0   0   0   0   3   1
5   340   0   4   1   0   0   0   0   2   1
6   504   0   4   2   0   0   0   0   2   0
2   144   0   2   0   0   0   0   0   1   0
6   528   0   4   2   0   0   0   0   2   0
3   252   0   2   1   0   0   0   0   1   0
5   364   0   4   1   0   0   0   0   2   1
3   196   0   2   1   0   0   0   0   1   1
2   112   0   2   0   0   0   0   0   1   1
8   608   0   6   2   0   0   0   0   3   1
5   308   0   4   1   0   0   0   0   2   2
2   160   0   2   0   0   0   0   0   1   0
3   252   0   2   1   0   0   0   0   1   0
6   448   0   4   2   0   0   0   0   2   1
2   144   0   2   0   0   0   0   0   1   0
6   472   0   4   2   0   0   0   0   2   1
4   256   0   4   0   0   0   0   0   2   1
6   472   0   4   2   0   0   0   0   2   1
3   196   0   2   1   0   0   0   0   1   1
7   508   0   6   1   0   0   0   0   3   1
4   288   0   4   0   0   0   0   0   2   0
8   560   0   6   2   0   0   0   0   3   2
7   468   0   6   1   0   0   0   0   3   2
2   144   0   2   0   0   0   0   0   1   0
6   448   0   4   2   0   0   0   0   2   1
4   344   0   3   1   0   0   0   0   1   0
3   276   0   2   1   0   0   0   0   1   0
5   364   0   4   1   0   0   0   0   2   1
5   436   0   4   1   0   0   0   0   2   0
5   340   0   4   1   0   0   0   0   2   1
2   144   0   2   0   0   0   0   0   1   0
5   412   0   4   1   0   0   0   0   2   0
3   252   0   2   1   0   0   0   0   1   0
8   712   0   6   2   0   0   0   0   3   0
2   112   0   2   0   0   0   0   0   1   1
3   276   0   2   1   0   0   0   0   1   0
6   472   0   4   2   0   0   0   0   2   1
7   548   0   6   1   0   0   0   0   3   1
3   252   0   2   1   0   0   0   0   1   0
5   364   0   4   1   0   0   0   0   2   1
7   532   0   6   1   0   0   0   0   3   1
7   484   0   6   1   0   0   0   0   4   1
7   508   0   6   1   0   0   0   0   3   2
5   308   0   4   1   0   0   0   0   1   1
5   412   0   4   1   0   0   0   0   2   0
5   396   0   4   1   0   0   0   0   2   0
3   276   0   2   1   0   0   0   0   1   0
5   356   0   4   1   0   0   0   0   2   1
3   276   0   2   1   0   0   0   0   1   0
2   112   0   2   0   0   0   0   0   2   1
10   776   0   8   2   0   0   0   0   3   2
7   500   0   6   1   0   0   0   0   3   1
5   356   0   4   1   0   0   0   0   2   1
5   396   0   4   1   0   0   0   0   2   0
2   144   0   2   0   0   0   0   0   1   0
8   664   0   6   2   0   0   0   0   3   1
5   356   0   4   1   0   0   0   0   2   1
5   396   0   4   1   0   0   0   0   2   0
5   364   0   4   1   0   0   0   0   2   1
9   684   0   8   1   0   0   0   0   4   1
7   420   0   6   1   0   0   0   0   3   3
5   388   0   4   1   0   0   0   0   2   1
4   320   0   4   0   0   0   0   0   2   0
8   560   0   6   2   0   0   0   0   3   2
3   196   0   2   1   0   0   0   0   1   1
2   160   0   2   0   0   0   0   0   1   0
6   392   0   4   2   0   0   0   0   2   2
5   340   0   4   1   0   0   0   0   2   1
3   252   0   2   1   0   0   0   0   1   0
7   580   0   6   1   0   0   0   0   3   0
3   252   0   2   1   0   0   0   0   1   0
2   112   0   2   0   0   0   0   0   1   1
6   504   0   4   2   0   0   0   0   2   0
5   396   0   4   1   0   0   0   0   2   0
3   276   0   2   1   0   0   0   0   1   0
3   252   0   2   1   0   0   0   0   1   0
9   732   0   8   1   0   0   0   0   4   0
5   412   0   4   1   0   0   0   0   2   0
3   196   0   2   1   0   0   0   0   1   1
3   276   0   2   1   0   0   0   0   1   0
5   308   0   4   1   0   0   0   0   2   2
3   196   0   2   1   0   0   0   0   1   1
3   276   0   2   1   0   0   0   0   1   0
9   660   0   8   1   0   0   0   0   4   1
3   276   0   2   1   0   0   0   0   1   0
2   112   0   2   0   0   0   0   0   1   1
6   472   0   4   2   0   0   0   0   2   1
5   340   0   4   1   0   0   0   0   2   1
5   364   0   4   1   0   0   0   0   2   1
5   308   0   4   1   0   0   0   0   2   2
3   196   0   2   1   0   0   0   0   1   1
2   160   0   2   0   0   0   0   0   1   0
3   196   0   2   1   0   0   0   0   1   1
6   504   0   4   2   0   0   0   0   2   0
3   276   0   2   1   0   0   0   0   1   0
3   276   0   2   1   0   0   0   0   1   0
5   364   0   4   1   0   0   0   0   2   1
5   420   0   4   1   0   0   0   0   2   0
5   340   0   4   1   0   0   0   0   2   1
5   364   0   4   1   0   0   0   0   2   1
3   196   0   2   1   0   0   0   0   1   1
5   388   0   4   1   0   0   0   0   2   1
5   396   0   4   1   0   0   0   0   2   0
5   412   0   4   1   0   0   0   0   2   0
7   468   0   6   1   0   0   0   0   3   2
2   144   0   2   0   0   0   0   0   1   0
6   448   0   4   2   0   0   0   0   2   1
5   356   0   4   1   0   0   0   0   2   1
2   160   0   2   0   0   0   0   0   1   0
10   776   0   8   2   0   0   0   0   4   1
5   356   0   4   1   0   0   0   0   2   1
2   144   0   2   0   0   0   0   0   1   0
8   712   0   6   2   0   0   0   0   3   0
3   196   0   2   1   0   0   0   0   1   1
7   572   0   6   1   0   0   0   0   3   0
5   356   0   4   1   0   0   0   0   2   1
3   252   0   2   1   0   0   0   0   1   0
5   420   0   4   1   0   0   0   0   2   0
3   252   0   2   1   0   0   0   0   1   0
2   112   0   2   0   0   0   0   0   1   1
6   472   0   4   2   0   0   0   0   2   1
5   308   0   4   1   0   0   0   0   2   2
4   304   0   4   0   0   0   0   0   2   0
3   196   0   2   1   0   0   0   0   1   1
6   504   0   4   2   0   0   0   0   2   0
3   196   0   2   1   0   0   0   0   1   1
5   412   0   4   1   0   0   0   0   2   0
3   276   0   2   1   0   0   0   0   1   0
5   364   0   4   1   0   0   0   0   2   1
2   160   0   2   0   0   0   0   0   1   0
3   276   0   2   1   0   0   0   0   1   0
3   252   0   2   1   0   0   0   0   1   0
6   448   0   4   2   0   0   0   0   2   1
2   144   0   2   0   0   0   0   0   1   0
3   276   0   2   1   0   0   0   0   1   0
6   392   0   4   2   0   0   0   0   2   2
2   160   0   2   0   0   0   0   0   1   0
6   448   0   4   2   0   0   0   0   2   1
5   364   0   4   1   0   0   0   0   2   1
3   252   0   2   1   0   0   0   0   1   0
2   144   0   2   0   0   0   0   0   1   0
8   632   0   6   2   0   0   0   0   3   1
2   112   0   2   0   0   0   0   0   1   1
5   396   0   4   1   0   0   0   0   2   0
3   196   0   2   1   0   0   0   0   1   1
5   356   0   4   1   0   0   0   0   2   1
6   472   0   4   2   0   0   0   0   2   1
2   160   0   2   0   0   0   0   0   1   0
6   472   0   4   2   0   0   0   0   2   1
5   420   0   4   1   0   0   0   0   2   0
5   436   0   4   1   0   0   0   0   2   0
5   396   0   4   1   0   0   0   0   2   0
5   364   0   4   1   0   0   0   0   2   1
3   276   0   2   1   0   0   0   0   1   0
5   436   0   4   1   0   0   0   0   2   0
5   364   0   4   1   0   0   0   0   2   1
5   308   0   4   1   0   0   0   0   2   2
5   364   0   4   1   0   0   0   0   2   1
5   364   0   4   1   0   0   0   0   2   1
5   396   0   4   1   0   0   0   0   2   0
5   308   0   4   1   0   0   0   0   2   2
5   356   0   4   1   0   0   0   0   2   1
5   420   0   4   1   0   0   0   0   2   0
7   532   0   6   1   0   0   0   0   3   1
3   196   0   2   1   0   0   0   0   1   1
5   356   0   4   1   0   0   0   0   2   1
3   276   0   2   1   0   0   0   0   1   0
5   436   0   4   1   0   0   0   0   2   0
3   276   0   2   1   0   0   0   0   1   0
5   420   0   4   1   0   0   0   0   2   0
5   412   0   4   1   0   0   0   0   2   0
5   396   0   4   1   0   0   0   0   2   0
3   276   0   2   1   0   0   0   0   1   0
2   112   0   2   0   0   0   0   0   1   1
3   196   0   2   1   0   0   0   0   1   1
6   472   0   4   2   0   0   0   0   2   1
5   364   0   4   1   0   0   0   0   2   1
3   252   0   2   1   0   0   0   0   1   0
5   356   0   4   1   0   0   0   0   2   1
5   340   0   4   1   0   0   0   0   2   1
5   436   0   4   1   0   0   0   0   2   0
5   308   0   4   1   0   0   0   0   2   2
3   252   0   2   1   0   0   0   0   1   0
5   364   0   4   1   0   0   0   0   2   1
7   572   0   6   1   0   0   0   0   3   0
2   160   0   2   0   0   0   0   0   1   0
6   472   0   4   2   0   0   0   0   2   1
5   396   0   4   1   0   0   0   0   2   0
5   308   0   4   1   0   0   0   0   2   2
3   252   0   2   1   0   0   0   0   1   0
5   340   0   4   1   0   0   0   0   2   1
5   412   0   4   1   0   0   0   0   2   0
7   516   0   6   1   0   0   0   0   3   1
5   420   0   4   1   0   0   0   0   2   0
2   144   0   2   0   0   0   0   0   1   0
8   616   0   6   2   0   0   0   0   3   1
5   356   0   4   1   0   0   0   0   2   1
3   196   0   2   1   0   0   0   0   1   1
5   356   0   4   1   0   0   0   0   2   1
3   196   0   2   1   0   0   0   0   1   1
7   532   0   6   1   0   0   0   0   3   1
3   252   0   2   1   0   0   0   0   1   0
7   500   0   6   1   0   0   0   0   3   2
3   196   0   2   1   0   0   0   0   1   1
5   420   0   4   1   0   0   0   0   2   0
7   540   0   6   1   0   0   0   0   3   0
4   256   0   4   0   0   0   0   0   2   1
7   504   0   5   2   0   0   0   0   3   2
6   476   0   5   1   0   0   0   0   2   0
0   0   0   0   0   0   0   0   0   0   0
3   252   0   2   1   0   0   0   0   1   0
3   196   0   2   1   0   0   0   0   1   1
5   412   0   4   1   0   0   0   0   2   0
8   688   0   6   2   0   0   0   0   3   0
7   556   0   6   1   0   0   0   0   3   0
3   252   0   2   1   0   0   0   0   1   0
3   252   0   2   1   0   0   0   0   1   0
3   196   0   2   1   0   0   0   0   1   1
5   396   0   4   1   0   0   0   0   2   0
5   420   0   4   1   0   0   0   0   2   0
7   452   0   6   1   0   0   0   0   3   2
5   436   0   4   1   0   0   0   0   2   0
5   388   0   4   1   0   0   0   0   2   1
2   112   0   2   0   0   0   0   0   1   1
8   536   0   6   2   0   0   0   0   3   2
3   196   0   2   1   0   0   0   0   1   1
5   436   0   4   1   0   0   0   0   2   0
5   436   0   4   1   0   0   0   0   2   0
7   556   0   6   1   0   0   0   0   3   0
5   412   0   4   1   0   0   0   0   2   0
2   144   0   2   0   0   0   0   0   1   0
10   856   0   8   2   0   0   0   0   4   0
2   160   0   2   0   0   0   0   0   1   0
3   276   0   2   1   0   0   0   0   1   0
3   276   0   2   1   0   0   0   0   1   0
6   448   0   4   2   0   0   0   0   2   1
3   196   0   2   1   0   0   0   0   1   1
2   160   0   2   0   0   0   0   0   1   0
10   808   0   8   2   0   0   0   0   4   0
5   436   0   4   1   0   0   0   0   2   0
2   112   0   2   0   0   0   0   0   1   1
8   712   0   6   2   0   0   0   0   3   0
5   412   0   4   1   0   0   0   0   2   0
3   196   0   2   1   0   0   0   0   1   1
7   476   0   6   1   0   0   0   0   3   2
7   596   0   6   1   0   0   0   0   3   0
2   144   0   2   0   0   0   0   0   1   0
6   472   0   4   2   0   0   0   0   2   1
3   276   0   2   1   0   0   0   0   1   0
5   356   0   4   1   0   0   0   0   2   1
5   308   0   4   1   0   0   0   0   2   2
3   276   0   2   1   0   0   0   0   1   0
3   276   0   2   1   0   0   0   0   1   0
5   308   0   4   1   0   0   0   0   2   2
5   308   0   4   1   0   0   0   0   2   2
5   436   0   4   1   0   0   0   0   2   0
3   276   0   2   1   0   0   0   0   1   0
5   340   0   4   1   0   0   0   0   2   1
2   144   0   2   0   0   0   0   0   1   0
6   392   0   4   2   0   0   0   0   2   2
3   196   0   2   1   0   0   0   0   1   1
2   160   0   2   0   0   0   0   0   1   0
6   504   0   4   2   0   0   0   0   2   0
3   252   0   2   1   0   0   0   0   1   0
3   196   0   2   1   0   0   0   0   1   1
5   340   0   4   1   0   0   0   0   2   1
9   612   0   8   1   0   0   0   0   4   2
5   340   0   4   1   0   0   0   0   2   1
9   636   0   8   1   0   0   0   0   4   2
5   420   0   4   1   0   0   0   0   2   0
5   436   0   4   1   0   0   0   0   2   0
3   276   0   2   1   0   0   0   0   1   0
3   252   0   2   1   0   0   0   0   1   0
5   436   0   4   1   0   0   0   0   2   0
5   412   0   4   1   0   0   0   0   2   0
5   388   0   4   1   0   0   0   0   2   1
3   196   0   2   1   0   0   0   0   1   1
3   196   0   2   1   0   0   0   0   1   1
9   700   0   8   1   0   0   0   0   4   0
3   252   0   2   1   0   0   0   0   1   0
5   412   0   4   1   0   0   0   0   2   0
7   500   0   6   1   0   0   0   0   3   2
5   388   0   4   1   0   0   0   0   2   1
3   252   0   2   1   0   0   0   0   1   0
3   276   0   2   1   0   0   0   0   1   0
5   340   0   4   1   0   0   0   0   2   1
3   276   0   2   1   0   0   0   0   1   0
7   524   0   6   1   0   0   0   0   3   1
3   252   0   2   1   0   0   0   0   1   0
5   412   0   4   1   0   0   0   0   2   0
