5   140   0   0   5   0   0   0   0   0   0
6   168   0   0   6   0   0   0   0   0   0
5   184   0   1   4   0   0   0   0   0   0
6   168   0   0   6   0   0   0   0   0   0
4   112   0   0   4   0   0   0   0   0   0
2   56   0   0   2   0   0   0   0   0   0
3   129   0   1   2   0   0   0   0   0   0
4   112   0   0   4   0   0   0   0   0   0
6   168   0   0   6   0   0   0   0   0   0
2   56   0   0   2   0   0   0   0   0   0
2   56   0   0   2   0   0   0   0   0   0
2   56   0   0   2   0   0   0   0   0   0
4   112   0   0   4   0   0   0   0   0   0
4   112   0   0   4   0   0   0   0   0   0
4   112   0   0   4   0   0   0   0   0   0
4   112   0   0   4   0   0   0   0   0   0
3   250   0   1   2   0   0   0   0   0   0
5   306   0   1   4   0   0   0   0   0   0
7   362   0   1   6   0   0   0   0   0   0
5   306   0   1   4   0   0   0   0   0   0
4   112   0   0   4   0   0   0   0   0   0
4   112   0   0   4   0   0   0   0   0   0
6   168   0   0   6   0   0   0   0   0   0
2   56   0   0   2   0   0   0   0   0   0
8   224   0   0   8   0   0   0   0   0   0
2   56   0   0   2   0   0   0   0   0   0
2   56   0   0   2   0   0   0   0   0   0
6   168   0   0   6   0   0   0   0   0   0
2   56   0   0   2   0   0   0   0   0   0
2   56   0   0   2   0   0   0   0   0   0
2   56   0   0   2   0   0   0   0   0   0
2   56   0   0   2   0   0   0   0   0   0
5   184   0   1   4   0   0   0   0   0   0
2   56   0   0   2   0   0   0   0   0   0
4   112   0   0   4   0   0   0   0   0   0
2   56   0   0   2   0   0   0   0   0   0
2   56   0   0   2   0   0   0   0   0   0
6   168   0   0   6   0   0   0   0   0   0
6   168   0   0   6   0   0   0   0   0   0
4   112   0   0   4   0   0   0   0   0   0
2   56   0   0   2   0   0   0   0   0   0
2   56   0   0   2   0   0   0   0   0   0
6   168   0   0   6   0   0   0   0   0   0
4   112   0   0   4   0   0   0   0   0   0
7   236   0   1   6   0   0   0   0   0   0
4   112   0   0   4   0   0   0   0   0   0
2   56   0   0   2   0   0   0   0   0   0
4   112   0   0   4   0   0   0   0   0   0
8   224   0   0   8   0   0   0   0   0   0
2   56   0   0   2   0   0   0   0   0   0
4   112   0   0   4   0   0   0   0   0   0
4   112   0   0   4   0   0   0   0   0   0
4   112   0   0   4   0   0   0   0   0   0
2   56   0   0   2   0   0   0   0   0   0
4   112   0   0   4   0   0   0   0   0   0
4   112   0   0   4   0   0   0   0   0   0
2   56   0   0   2   0   0   0   0   0   0
6   168   0   0   6   0   0   0   0   0   0
2   56   0   0   2   0   0   0   0   0   0
2   56   0   0   2   0   0   0   0   0   0
4   112   0   0   4   0   0   0   0   0   0
6   168   0   0   6   0   0   0   0   0   0
3   128   0   1   2   0   0   0   0   0   0
4   112   0   0   4   0   0   0   0   0   0
4   112   0   0   4   0   0   0   0   0   0
3   129   0   1   2   0   0   0   0   0   0
2   56   0   0   2   0   0   0   0   0   0
3   209   0   1   2   0   0   0   0   0   0
4   112   0   0   4   0   0   0   0   0   0
2   56   0   0   2   0   0   0   0   0   0
2   56   0   0   2   0   0   0   0   0   0
4   112   0   0   4   0   0   0   0   0   0
4   112   0   0   4   0   0   0   0   0   0
2   56   0   0   2   0   0   0   0   0   0
4   112   0   0   4   0   0   0   0   0   0
4   112   0   0   4   0   0   0   0   0   0
2   56   0   0   2   0   0   0   0   0   0
4   112   0   0   4   0   0   0   0   0   0
2   56   0   0   2   0   0   0   0   0   0
6   168   0   0   6   0   0   0   0   0   0
4   112   0   0   4   0   0   0   0   0   0
6   168   0   0   6   0   0   0   0   0   0
2   56   0   0   2   0   0   0   0   0   0
4   112   0   0   4   0   0   0   0   0   0
4   112   0   0   4   0   0   0   0   0   0
4   112   0   0   4   0   0   0   0   0   0
6   168   0   0   6   0   0   0   0   0   0
4   112   0   0   4   0   0   0   0   0   0
2   56   0   0   2   0   0   0   0   0   0
4   112   0   0   4   0   0   0   0   0   0
4   112   0   0   4   0   0   0   0   0   0
4   112   0   0   4   0   0   0   0   0   0
7   240   0   1   6   0   0   0   0   0   0
4   112   0   0   4   0   0   0   0   0   0
6   168   0   0   6   0   0   0   0   0   0
2   56   0   0   2   0   0   0   0   0   0
2   56   0   0   2   0   0   0   0   0   0
2   56   0   0   2   0   0   0   0   0   0
6   168   0   0   6   0   0   0   0   0   0
4   112   0   0   4   0   0   0   0   0   0
4   112   0   0   4   0   0   0   0   0   0
4   112   0   0   4   0   0   0   0   0   0
2   56   0   0   2   0   0   0   0   0   0
2   56   0   0   2   0   0   0   0   0   0
6   168   0   0   6   0   0   0   0   0   0
6   168   0   0   6   0   0   0   0   0   0
4   112   0   0   4   0   0   0   0   0   0
4   112   0   0   4   0   0   0   0   0   0
2   56   0   0   2   0   0   0   0   0   0
4   112   0   0   4   0   0   0   0   0   0
2   56   0   0   2   0   0   0   0   0   0
2   56   0   0   2   0   0   0   0   0   0
4   112   0   0   4   0   0   0   0   0   0
4   112   0   0   4   0   0   0   0   0   0
2   56   0   0   2   0   0   0   0   0   0
4   112   0   0   4   0   0   0   0   0   0
4   112   0   0   4   0   0   0   0   0   0
2   56   0   0   2   0   0   0   0   0   0
4   112   0   0   4   0   0   0   0   0   0
4   112   0   0   4   0   0   0   0   0   0
4   112   0   0   4   0   0   0   0   0   0
4   112   0   0   4   0   0   0   0   0   0
5   184   0   1   4   0   0   0   0   0   0
6   168   0   0   6   0   0   0   0   0   0
4   112   0   0   4   0   0   0   0   0   0
2   56   0   0   2   0   0   0   0   0   0
2   56   0   0   2   0   0   0   0   0   0
2   56   0   0   2   0   0   0   0   0   0
8   224   0   0   8   0   0   0   0   0   0
4   112   0   0   4   0   0   0   0   0   0
2   56   0   0   2   0   0   0   0   0   0
2   56   0   0   2   0   0   0   0   0   0
6   168   0   0   6   0   0   0   0   0   0
2   56   0   0   2   0   0   0   0   0   0
4   112   0   0   4   0   0   0   0   0   0
2   56   0   0   2   0   0   0   0   0   0
7   362   0   1   6   0   0   0   0   0   0
5   306   0   1   4   0   0   0   0   0   0
7   362   0   1   6   0   0   0   0   0   0
3   250   0   1   2   0   0   0   0   0   0
2   56   0   0   2   0   0   0   0   0   0
8   224   0   0   8   0   0   0   0   0   0
4   112   0   0   4   0   0   0   0   0   0
2   56   0   0   2   0   0   0   0   0   0
6   168   0   0   6   0   0   0   0   0   0
2   56   0   0   2   0   0   0   0   0   0
2   56   0   0   2   0   0   0   0   0   0
2   56   0   0   2   0   0   0   0   0   0
2   56   0   0   2   0   0   0   0   0   0
4   112   0   0   4   0   0   0   0   0   0
0   0   0   0   0   0   0   0   0   0   0
8   224   0   0   8   0   0   0   0   0   0
3   128   0   1   2   0   0   0   0   0   0
4   112   0   0   4   0   0   0   0   0   0
2   56   0   0   2   0   0   0   0   0   0
6   168   0   0   6   0   0   0   0   0   0
2   56   0   0   2   0   0   0   0   0   0
4   112   0   0   4   0   0   0   0   0   0
2   56   0   0   2   0   0   0   0   0   0
2   56   0   0   2   0   0   0   0   0   0
6   168   0   0   6   0   0   0   0   0   0
4   112   0   0   4   0   0   0   0   0   0
2   56   0   0   2   0   0   0   0   0   0
2   56   0   0   2   0   0   0   0   0   0
6   168   0   0   6   0   0   0   0   0   0
2   56   0   0   2   0   0   0   0   0   0
2   56   0   0   2   0   0   0   0   0   0
6   168   0   0   6   0   0   0   0   0   0
2   56   0   0   2   0   0   0   0   0   0
4   112   0   0   4   0   0   0   0   0   0
2   56   0   0   2   0   0   0   0   0   0
2   56   0   0   2   0   0   0   0   0   0
6   168   0   0   6   0   0   0   0   0   0
4   112   0   0   4   0   0   0   0   0   0
2   56   0   0   2   0   0   0   0   0   0
4   112   0   0   4   0   0   0   0   0   0
6   168   0   0   6   0   0   0   0   0   0
4   112   0   0   4   0   0   0   0   0   0
6   168   0   0   6   0   0   0   0   0   0
4   112   0   0   4   0   0   0   0   0   0
4   112   0   0   4   0   0   0   0   0   0
2   56   0   0   2   0   0   0   0   0   0
7   240   0   1   6   0   0   0   0   0   0
4   112   0   0   4   0   0   0   0   0   0
2   56   0   0   2   0   0   0   0   0   0
5   185   0   1   4   0   0   0   0   0   0
2   56   0   0   2   0   0   0   0   0   0
5   265   0   1   4   0   0   0   0   0   0
2   56   0   0   2   0   0   0   0   0   0
2   56   0   0   2   0   0   0   0   0   0
8   224   0   0   8   0   0   0   0   0   0
4   112   0   0   4   0   0   0   0   0   0
6   168   0   0   6   0   0   0   0   0   0
2   56   0   0   2   0   0   0   0   0   0
6   168   0   0   6   0   0   0   0   0   0
2   56   0   0   2   0   0   0   0   0   0
4   112   0   0   4   0   0   0   0   0   0
2   56   0   0   2   0   0   0   0   0   0
4   112   0   0   4   0   0   0   0   0   0
2   56   0   0   2   0   0   0   0   0   0
4   112   0   0   4   0   0   0   0   0   0
2   56   0   0   2   0   0   0   0   0   0
4   112   0   0   4   0   0   0   0   0   0
4   112   0   0   4   0   0   0   0   0   0
4   112   0   0   4   0   0   0   0   0   0
4   112   0   0   4   0   0   0   0   0   0
6   168   0   0   6   0   0   0   0   0   0
6   168   0   0   6   0   0   0   0   0   0
2   56   0   0   2   0   0   0   0   0   0
6   168   0   0   6   0   0   0   0   0   0
2   56   0   0   2   0   0   0   0   0   0
4   112   0   0   4   0   0   0   0   0   0
5   184   0   1   4   0   0   0   0   0   0
4   112   0   0   4   0   0   0   0   0   0
6   168   0   0   6   0   0   0   0   0   0
6   168   0   0   6   0   0   0   0   0   0
2   56   0   0   2   0   0   0   0   0   0
4   112   0   0   4   0   0   0   0   0   0
2   56   0   0   2   0   0   0   0   0   0
4   112   0   0   4   0   0   0   0   0   0
4   112   0   0   4   0   0   0   0   0   0
2   56   0   0   2   0   0   0   0   0   0
6   168   0   0   6   0   0   0   0   0   0
2   56   0   0   2   0   0   0   0   0   0
6   168   0   0   6   0   0   0   0   0   0
2   56   0   0   2   0   0   0   0   0   0
2   56   0   0   2   0   0   0   0   0   0
2   56   0   0   2   0   0   0   0   0   0
2   56   0   0   2   0   0   0   0   0   0
6   168   0   0   6   0   0   0   0   0   0
4   112   0   0   4   0   0   0   0   0   0
2   56   0   0   2   0   0   0   0   0   0
2   56   0   0   2   0   0   0   0   0   0
4   112   0   0   4   0   0   0   0   0   0
4   112   0   0   4   0   0   0   0   0   0
4   112   0   0   4   0   0   0   0   0   0
4   112   0   0   4   0   0   0   0   0   0
4   112   0   0   4   0   0   0   0   0   0
4   112   0   0   4   0   0   0   0   0   0
2   56   0   0   2   0   0   0   0   0   0
4   112   0   0   4   0   0   0   0   0   0
6   168   0   0   6   0   0   0   0   0   0
5   184   0   1   4   0   0   0   0   0   0
2   56   0   0   2   0   0   0   0   0   0
4   112   0   0   4   0   0   0   0   0   0
2   56   0   0   2   0   0   0   0   0   0
2   56   0   0   2   0   0   0   0   0   0
4   112   0   0   4   0   0   0   0   0   0
4   112   0   0   4   0   0   0   0   0   0
4   112   0   0   4   0   0   0   0   0   0
2   56   0   0   2   0   0   0   0   0   0
4   112   0   0   4   0   0   0   0   0   0
8   224   0   0   8   0   0   0   0   0   0
4   112   0   0   4   0   0   0   0   0   0
6   168   0   0   6   0   0   0   0   0   0
2   56   0   0   2   0   0   0   0   0   0
7   362   0   1   6   0   0   0   0   0   0
5   306   0   1   4   0   0   0   0   0   0
3   250   0   1   2   0   0   0   0   0   0
5   306   0   1   4   0   0   0   0   0   0
4   112   0   0   4   0   0   0   0   0   0
2   56   0   0   2   0   0   0   0   0   0
2   56   0   0   2   0   0   0   0   0   0
6   168   0   0   6   0   0   0   0   0   0
2   56   0   0   2   0   0   0   0   0   0
4   112   0   0   4   0   0   0   0   0   0
4   112   0   0   4   0   0   0   0   0   0
4   112   0   0   4   0   0   0   0   0   0
2   56   0   0   2   0   0   0   0   0   0
4   112   0   0   4   0   0   0   0   0   0
6   168   0   0   6   0   0   0   0   0   0
2   56   0   0   2   0   0   0   0   0   0
5   184   0   1   4   0   0   0   0   0   0
2   56   0   0   2   0   0   0   0   0   0
4   112   0   0   4   0   0   0   0   0   0
4   112   0   0   4   0   0   0   0   0   0
2   56   0   0   2   0   0   0   0   0   0
4   112   0   0   4   0   0   0   0   0   0
4   112   0   0   4   0   0   0   0   0   0
4   112   0   0   4   0   0   0   0   0   0
2   56   0   0   2   0   0   0   0   0   0
8   224   0   0   8   0   0   0   0   0   0
2   56   0   0   2   0   0   0   0   0   0
2   56   0   0   2   0   0   0   0   0   0
2   56   0   0   2   0   0   0   0   0   0
8   224   0   0   8   0   0   0   0   0   0
4   112   0   0   4   0   0   0   0   0   0
4   112   0   0   4   0   0   0   0   0   0
2   56   0   0   2   0   0   0   0   0   0
2   56   0   0   2   0   0   0   0   0   0
4   112   0   0   4   0   0   0   0   0   0
10   280   0   0   10   0   0   0   0   0   0
2   56   0   0   2   0   0   0   0   0   0
2   56   0   0   2   0   0   0   0   0   0
4   112   0   0   4   0   0   0   0   0   0
4   112   0   0   4   0   0   0   0   0   0
2   56   0   0   2   0   0   0   0   0   0
2   56   0   0   2   0   0   0   0   0   0
4   112   0   0   4   0   0   0   0   0   0
8   224   0   0   8   0   0   0   0   0   0
8   224   0   0   8   0   0   0   0   0   0
2   56   0   0   2   0   0   0   0   0   0
5   184   0   1   4   0   0   0   0   0   0
2   56   0   0   2   0   0   0   0   0   0
4   112   0   0   4   0   0   0   0   0   0
3   129   0   1   2   0   0   0   0   0   0
4   112   0   0   4   0   0   0   0   0   0
3   209   0   1   2   0   0   0   0   0   0
6   168   0   0   6   0   0   0   0   0   0
4   112   0   0   4   0   0   0   0   0   0
4   112   0   0   4   0   0   0   0   0   0
4   112   0   0   4   0   0   0   0   0   0
6   168   0   0   6   0   0   0   0   0   0
4   112   0   0   4   0   0   0   0   0   0
4   112   0   0   4   0   0   0   0   0   0
4   112   0   0   4   0   0   0   0   0   0
4   112   0   0   4   0   0   0   0   0   0
2   56   0   0   2   0   0   0   0   0   0
4   112   0   0   4   0   0   0   0   0   0
4   112   0   0   4   0   0   0   0   0   0
6   168   0   0   6   0   0   0   0   0   0
2   56   0   0   2   0   0   0   0   0   0
2   56   0   0   2   0   0   0   0   0   0
4   112   0   0   4   0   0   0   0   0   0
4   112   0   0   4   0   0   0   0   0   0
2   56   0   0   2   0   0   0   0   0   0
2   56   0   0   2   0   0   0   0   0   0
10   280   0   0   10   0   0   0   0   0   0
2   56   0   0   2   0   0   0   0   0   0
2   56   0   0   2   0   0   0   0   0   0
2   56   0   0   2   0   0   0   0   0   0
4   112   0   0   4   0   0   0   0   0   0
5   184   0   1   4   0   0   0   0   0   0
6   168   0   0   6   0   0   0   0   0   0
6   168   0   0   6   0   0   0   0   0   0
2   56   0   0   2   0   0   0   0   0   0
4   112   0   0   4   0   0   0   0   0   0
4   112   0   0   4   0   0   0   0   0   0
2   56   0   0   2   0   0   0   0   0   0
2   56   0   0   2   0   0   0   0   0   0
8   224   0   0   8   0   0   0   0   0   0
2   56   0   0   2   0   0   0   0   0   0
4   112   0   0   4   0   0   0   0   0   0
4   112   0   0   4   0   0   0   0   0   0
4   112   0   0   4   0   0   0   0   0   0
4   112   0   0   4   0   0   0   0   0   0
4   112   0   0   4   0   0   0   0   0   0
4   112   0   0   4   0   0   0   0   0   0
2   56   0   0   2   0   0   0   0   0   0
4   112   0   0   4   0   0   0   0   0   0
2   56   0   0   2   0   0   0   0   0   0
6   168   0   0   6   0   0   0   0   0   0
2   56   0   0   2   0   0   0   0   0   0
6   168   0   0   6   0   0   0   0   0   0
4   112   0   0   4   0   0   0   0   0   0
6   168   0   0   6   0   0   0   0   0   0
4   112   0   0   4   0   0   0   0   0   0
2   56   0   0   2   0   0   0   0   0   0
4   112   0   0   4   0   0   0   0   0   0
2   56   0   0   2   0   0   0   0   0   0
2   56   0   0   2   0   0   0   0   0   0
4   112   0   0   4   0   0   0   0   0   0
3   128   0   1   2   0   0   0   0   0   0
6   168   0   0   6   0   0   0   0   0   0
8   224   0   0   8   0   0   0   0   0   0
2   56   0   0   2   0   0   0   0   0   0
4   112   0   0   4   0   0   0   0   0   0
2   56   0   0   2   0   0   0   0   0   0
4   112   0   0   4   0   0   0   0   0   0
4   112   0   0   4   0   0   0   0   0   0
4   112   0   0   4   0   0   0   0   0   0
4   112   0   0   4   0   0   0   0   0   0
6   168   0   0   6   0   0   0   0   0   0
2   56   0   0   2   0   0   0   0   0   0
2   56   0   0   2   0   0   0   0   0   0
8   224   0   0   8   0   0   0   0   0   0
5   306   0   1   4   0   0   0   0   0   0
7   362   0   1   6   0   0   0   0   0   0
3   250   0   1   2   0   0   0   0   0   0
7   362   0   1   6   0   0   0   0   0   0
4   112   0   0   4   0   0   0   0   0   0
2   56   0   0   2   0   0   0   0   0   0
4   112   0   0   4   0   0   0   0   0   0
2   56   0   0   2   0   0   0   0   0   0
2   56   0   0   2   0   0   0   0   0   0
6   168   0   0   6   0   0   0   0   0   0
2   56   0   0   2   0   0   0   0   0   0
2   56   0   0   2   0   0   0   0   0   0
4   112   0   0   4   0   0   0   0   0   0
2   56   0   0   2   0   0   0   0   0   0
4   112   0   0   4   0   0   0   0   0   0
4   112   0   0   4   0   0   0   0   0   0
3   128   0   1   2   0   0   0   0   0   0
2   56   0   0   2   0   0   0   0   0   0
4   112   0   0   4   0   0   0   0   0   0
8   224   0   0   8   0   0   0   0   0   0
2   56   0   0   2   0   0   0   0   0   0
2   56   0   0   2   0   0   0   0   0   0
4   112   0   0   4   0   0   0   0   0   0
2   56   0   0   2   0   0   0   0   0   0
4   112   0   0   4   0   0   0   0   0   0
6   168   0   0   6   0   0   0   0   0   0
2   56   0   0   2   0   0   0   0   0   0
6   168   0   0   6   0   0   0   0   0   0
6   168   0   0   6   0   0   0   0   0   0
4   112   0   0   4   0   0   0   0   0   0
4   112   0   0   4   0   0   0   0   0   0
4   112   0   0   4   0   0   0   0   0   0
4   112   0   0   4   0   0   0   0   0   0
4   112   0   0   4   0   0   0   0   0   0
2   56   0   0   2   0   0   0   0   0   0
4   112   0   0   4   0   0   0   0   0   0
2   56   0   0   2   0   0   0   0   0   0
8   224   0   0   8   0   0   0   0   0   0
2   56   0   0   2   0   0   0   0   0   0
4   112   0   0   4   0   0   0   0   0   0
4   112   0   0   4   0   0   0   0   0   0
4   112   0   0   4   0   0   0   0   0   0
2   56   0   0   2   0   0   0   0   0   0
4   112   0   0   4   0   0   0   0   0   0
4   112   0   0   4   0   0   0   0   0   0
6   168   0   0   6   0   0   0   0   0   0
3   128   0   1   2   0   0   0   0   0   0
4   112   0   0   4   0   0   0   0   0   0
4   112   0   0   4   0   0   0   0   0   0
3   129   0   1   2   0   0   0   0   0   0
6   168   0   0   6   0   0   0   0   0   0
3   209   0   1   2   0   0   0   0   0   0
2   56   0   0   2   0   0   0   0   0   0
4   112   0   0   4   0   0   0   0   0   0
2   56   0   0   2   0   0   0   0   0   0
2   56   0   0   2   0   0   0   0   0   0
8   224   0   0   8   0   0   0   0   0   0
4   112   0   0   4   0   0   0   0   0   0
6   168   0   0   6   0   0   0   0   0   0
2   56   0   0   2   0   0   0   0   0   0
4   112   0   0   4   0   0   0   0   0   0
6   168   0   0   6   0   0   0   0   0   0
2   56   0   0   2   0   0   0   0   0   0
6   168   0   0   6   0   0   0   0   0   0
4   112   0   0   4   0   0   0   0   0   0
2   56   0   0   2   0   0   0   0   0   0
4   112   0   0   4   0   0   0   0   0   0
2   56   0   0   2   0   0   0   0   0   0
2   56   0   0   2   0   0   0   0   0   0
6   168   0   0   6   0   0   0   0   0   0
6   168   0   0   6   0   0   0   0   0   0
6   168   0   0   6   0   0   0   0   0   0
2   56   0   0   2   0   0   0   0   0   0
6   168   0   0   6   0   0   0   0   0   0
4   112   0   0   4   0   0   0   0   0   0
8   224   0   0   8   0   0   0   0   0   0
3   128   0   1   2   0   0   0   0   0   0
2   56   0   0   2   0   0   0   0   0   0
4   112   0   0   4   0   0   0   0   0   0
2   56   0   0   2   0   0   0   0   0   0
4   112   0   0   4   0   0   0   0   0   0
2   56   0   0   2   0   0   0   0   0   0
4   112   0   0   4   0   0   0   0   0   0
6   168   0   0   6   0   0   0   0   0   0
6   168   0   0   6   0   0   0   0   0   0
4   112   0   0   4   0   0   0   0   0   0
4   112   0   0   4   0   0   0   0   0   0
8   224   0   0   8   0   0   0   0   0   0
2   56   0   0   2   0   0   0   0   0   0
4   112   0   0   4   0   0   0   0   0   0
4   112   0   0   4   0   0   0   0   0   0
4   112   0   0   4   0   0   0   0   0   0
4   112   0   0   4   0   0   0   0   0   0
6   168   0   0   6   0   0   0   0   0   0
2   56   0   0   2   0   0   0   0   0   0
2   56   0   0   2   0   0   0   0   0   0
2   56   0   0   2   0   0   0   0   0   0
4   112   0   0   4   0   0   0   0   0   0
6   168   0   0   6   0   0   0   0   0   0
2   56   0   0   2   0   0   0   0   0   0
2   56   0   0   2   0   0   0   0   0   0
2   56   0   0   2   0   0   0   0   0   0
4   112   0   0   4   0   0   0   0   0   0
4   112   0   0   4   0   0   0   0   0   0
2   56   0   0   2   0   0   0   0   0   0
2   56   0   0   2   0   0   0   0   0   0
3   128   0   1   2   0   0   0   0   0   0
4   112   0   0   4   0   0   0   0   0   0
4   112   0   0   4   0   0   0   0   0   0
2   56   0   0   2   0   0   0   0   0   0
6   168   0   0   6   0   0   0   0   0   0
2   56   0   0   2   0   0   0   0   0   0
8   224   0   0   8   0   0   0   0   0   0
6   168   0   0   6   0   0   0   0   0   0
6   168   0   0   6   0   0   0   0   0   0
2   56   0   0   2   0   0   0   0   0   0
4   112   0   0   4   0   0   0   0   0   0
2   56   0   0   2   0   0   0   0   0   0
4   112   0   0   4   0   0   0   0   0   0
0   0   0   0   0   0   0   0   0   0   0
1   194   0   1   0   0   0   0   0   0   0
1   194   0   1   0   0   0   0   0   0   0
1   194   0   1   0   0   0   0   0   0   0
1   194   0   1   0   0   0   0   0   0   0
0   0   0   0   0   0   0   0   0   0   0
0   0   0   0   0   0   0   0   0   0   0
0   0   0   0   0   0   0   0   0   0   0
0   0   0   0   0   0   0   0   0   0   0
0   0   0   0   0   0   0   0   0   0   0
0   0   0   0   0   0   0   0   0   0   0
0   0   0   0   0   0   0   0   0   0   0
0   0   0   0   0   0   0   0   0   0   0
0   0   0   0   0   0   0   0   0   0   0
0   0   0   0   0   0   0   0   0   0   0
0   0   0   0   0   0   0   0   0   0   0
0   0   0   0   0   0   0   0   0   0   0
