367   394914   344   23   0   23   0   0   15   8   0
6   2913   6   0   0   0   0   0   0   0   0
6   240   6   0   0   0   0   0   0   0   0
0   0   0   0   0   0   0   0   0   0   0
8   320   8   0   0   0   0   0   0   0   0
4   191   4   0   0   0   0   0   0   0   0
8   320   8   0   0   0   0   0   0   0   0
69   61334   69   0   0   5   0   0   5   0   0
73   224781   65   8   0   25   0   0   23   0   0
17   5711   4   13   0   10   0   0   9   0   0
76   129497   76   0   0   8   0   0   7   0   0
4   1522   4   0   0   0   0   0   0   0   0
0   0   0   0   0   0   0   0   0   0   0
0   0   0   0   0   0   0   0   0   0   0
0   0   0   0   0   0   0   0   0   0   0
12   573   12   0   0   0   0   0   0   0   0
6   271   6   0   0   0   0   0   0   0   0
0   0   0   0   0   0   0   0   0   0   0
0   0   0   0   0   0   0   0   0   0   0
0   0   0   0   0   0   0   0   0   0   0
0   0   0   0   0   0   0   0   0   0   0
0   0   0   0   0   0   0   0   0   0   0
0   0   0   0   0   0   0   0   0   0   0
0   0   0   0   0   0   0   0   0   0   0
0   0   0   0   0   0   0   0   0   0   0
2   80   2   0   0   0   0   0   0   0   0
0   0   0   0   0   0   0   0   0   0   0
24   3231   24   0   0   1   0   0   1   0   0
60   187635   60   0   0   34   0   0   30   0   0
8   783   2   6   0   2   0   0   2   0   0
1   200   0   1   0   0   0   0   0   0   0
5   360   4   1   0   0   0   0   0   0   0
1   200   0   1   0   0   0   0   0   0   0
50   182882   49   1   0   32   0   0   29   0   0
56   32719   50   6   0   18   0   0   13   0   0
1   40   1   0   0   0   0   0   0   0   0
52   186910   52   0   0   28   0   0   25   0   0
8   780   2   6   0   9   0   0   8   0   0
2   80   2   0   0   0   0   0   0   0   0
62   184825   54   8   0   36   0   0   32   0   0
55   16466   0   55   0   17   0   0   13   0   0
7   997   5   2   0   0   0   0   0   1   0
34   17823   34   0   0   1   0   0   1   0   0
307   2679767   307   0   0   1   1   0   1   0   0
0   0   0   0   0   0   0   0   0   0   0
6   240   6   0   0   0   0   0   0   0   0
0   0   0   0   0   0   0   0   0   0   0
4   160   4   0   0   0   0   0   0   0   0
8   382   8   0   0   0   0   0   0   0   0
0   0   0   0   0   0   0   0   0   0   0
0   0   0   0   0   0   0   0   0   0   0
4   160   4   0   0   0   0   0   0   0   0
2   80   2   0   0   0   0   0   0   0   0
0   0   0   0   0   0   0   0   0   0   0
0   0   0   0   0   0   0   0   0   0   0
0   0   0   0   0   0   0   0   0   0   0
0   0   0   0   0   0   0   0   0   0   0
0   0   0   0   0   0   0   0   0   0   0
0   0   0   0   0   0   0   0   0   0   0
0   0   0   0   0   0   0   0   0   0   0
0   0   0   0   0   0   0   0   0   0   0
0   0   0   0   0   0   0   0   0   0   0
0   0   0   0   0   0   0   0   0   0   0
0   0   0   0   0   0   0   0   0   0   0
0   0   0   0   0   0   0   0   0   0   0
0   0   0   0   0   0   0   0   0   0   0
1   40   1   0   0   0   0   0   0   0   0
1   40   1   0   0   0   0   0   0   0   0
0   0   0   0   0   0   0   0   0   0   0
0   0   0   0   0   0   0   0   0   0   0
2   80   2   0   0   0   0   0   0   0   0
0   0   0   0   0   0   0   0   0   0   0
2   80   2   0   0   0   0   0   0   0   0
0   0   0   0   0   0   0   0   0   0   0
2   80   2   0   0   0   0   0   0   0   0
0   0   0   0   0   0   0   0   0   0   0
0   0   0   0   0   0   0   0   0   0   0
0   0   0   0   0   0   0   0   0   0   0
0   0   0   0   0   0   0   0   0   0   0
0   0   0   0   0   0   0   0   0   0   0
0   0   0   0   0   0   0   0   0   0   0
0   0   0   0   0   0   0   0   0   0   0
0   0   0   0   0   0   0   0   0   0   0
0   0   0   0   0   0   0   0   0   0   0
0   0   0   0   0   0   0   0   0   0   0
0   0   0   0   0   0   0   0   0   0   0
0   0   0   0   0   0   0   0   0   0   0
0   0   0   0   0   0   0   0   0   0   0
2   80   2   0   0   0   0   0   0   0   0
0   0   0   0   0   0   0   0   0   0   0
2   80   2   0   0   0   0   0   0   0   0
0   0   0   0   0   0   0   0   0   0   0
8   320   8   0   0   0   0   0   0   0   0
4   160   4   0   0   0   0   0   0   0   0
0   0   0   0   0   0   0   0   0   0   0
0   0   0   0   0   0   0   0   0   0   0
4   160   4   0   0   0   0   0   0   0   0
0   0   0   0   0   0   0   0   0   0   0
2   80   2   0   0   0   0   0   0   0   0
0   0   0   0   0   0   0   0   0   0   0
0   0   0   0   0   0   0   0   0   0   0
0   0   0   0   0   0   0   0   0   0   0
0   0   0   0   0   0   0   0   0   0   0
1   40   1   0   0   0   0   0   0   0   0
0   0   0   0   0   0   0   0   0   0   0
0   0   0   0   0   0   0   0   0   0   0
0   0   0   0   0   0   0   0   0   0   0
0   0   0   0   0   0   0   0   0   0   0
0   0   0   0   0   0   0   0   0   0   0
17   10597   17   0   0   0   0   0   0   0   0
0   0   0   0   0   0   0   0   0   0   0
0   0   0   0   0   0   0   0   0   0   0
0   0   0   0   0   0   0   0   0   0   0
0   0   0   0   0   0   0   0   0   0   0
0   0   0   0   0   0   0   0   0   0   0
0   0   0   0   0   0   0   0   0   0   0
0   0   0   0   0   0   0   0   0   0   0
0   0   0   0   0   0   0   0   0   0   0
0   0   0   0   0   0   0   0   0   0   0
4   160   4   0   0   0   0   0   0   0   0
0   0   0   0   0   0   0   0   0   0   0
0   0   0   0   0   0   0   0   0   0   0
3   120   3   0   0   0   0   0   0   0   0
0   0   0   0   0   0   0   0   0   0   0
0   0   0   0   0   0   0   0   0   0   0
0   0   0   0   0   0   0   0   0   0   0
0   0   0   0   0   0   0   0   0   0   0
0   0   0   0   0   0   0   0   0   0   0
1   40   1   0   0   0   0   0   0   0   0
0   0   0   0   0   0   0   0   0   0   0
1   40   1   0   0   0   0   0   0   0   0
0   0   0   0   0   0   0   0   0   0   0
0   0   0   0   0   0   0   0   0   0   0
0   0   0   0   0   0   0   0   0   0   0
0   0   0   0   0   0   0   0   0   0   0
0   0   0   0   0   0   0   0   0   0   0
0   0   0   0   0   0   0   0   0   0   0
2   80   2   0   0   0   0   0   0   0   0
0   0   0   0   0   0   0   0   0   0   0
4   160   4   0   0   0   0   0   0   0   0
0   0   0   0   0   0   0   0   0   0   0
4   160   4   0   0   0   0   0   0   0   0
0   0   0   0   0   0   0   0   0   0   0
0   0   0   0   0   0   0   0   0   0   0
0   0   0   0   0   0   0   0   0   0   0
0   0   0   0   0   0   0   0   0   0   0
0   0   0   0   0   0   0   0   0   0   0
0   0   0   0   0   0   0   0   0   0   0
0   0   0   0   0   0   0   0   0   0   0
0   0   0   0   0   0   0   0   0   0   0
1   200   0   1   0   0   0   0   0   0   0
2   240   1   1   0   0   0   0   0   0   0
9   583   8   1   0   0   0   0   0   0   0
1   200   0   1   0   0   0   0   0   0   0
0   0   0   0   0   0   0   0   0   0   0
0   0   0   0   0   0   0   0   0   0   0
2   80   2   0   0   0   0   0   0   0   0
9   1166   7   2   0   0   0   0   0   1   0
393   339211   60   333   0   10   0   0   10   5   0
239   146533   45   194   0   11   0   0   9   2   0
0   0   0   0   0   0   0   0   0   0   0
0   0   0   0   0   0   0   0   0   0   0
0   0   0   0   0   0   0   0   0   0   0
0   0   0   0   0   0   0   0   0   0   0
2   80   2   0   0   0   0   0   0   0   0
0   0   0   0   0   0   0   0   0   0   0
79   26162   15   64   0   9   0   0   3   1   0
61   22568   0   61   0   19   0   0   3   1   0
0   0   0   0   0   15   0   0   2   0   0
18   2735   0   18   0   3   0   0   1   0   0
41   21590   0   41   0   7   0   0   7   0   0
489   468241   21   468   0   19   0   0   17   2   0
585   1041772   213   372   0   23   0   0   8   1   0
106   67695   44   62   0   5   0   0   1   3   0
547   2228752   439   108   0   11   0   0   10   0   0
361   291732   8   353   0   23   0   0   19   0   0
35   46767   22   13   0   12   0   0   12   0   0
12   10105   12   0   0   0   0   0   0   0   0
240   383585   240   0   0   47   0   0   47   0   0
592   4754418   592   0   0   0   0   0   0   0   0
211   1232739   209   2   0   22   0   0   19   1   0
365   904710   298   67   0   13   0   0   13   7   0
420   1383190   302   118   0   24   0   0   21   2   0
65   34460   50   15   0   7   0   0   7   1   0
68   81191   64   4   0   3   0   0   3   2   0
14   5273   14   0   0   1   0   0   1   0   0
39   10776   37   2   0   0   0   0   0   1   0
37   14850   37   0   0   0   0   0   0   0   0
33   5559   33   0   0   0   0   0   0   0   0
8   1295   8   0   0   0   0   0   0   0   0
34   32378   34   0   0   4   0   0   4   0   0
124   241095   124   0   0   62   0   0   59   0   0
94   408647   92   2   0   63   0   0   58   1   0
170   81660   166   4   0   26   0   0   13   2   0
70   26237   66   4   0   4   0   0   4   2   0
4   1184   4   0   0   1   0   0   1   0   0
18   2397   16   2   0   3   0   0   3   1   0
4   954   4   0   0   1   0   0   1   0   0
0   0   0   0   0   0   0   0   0   0   0
4   965   4   0   0   1   0   0   1   0   0
0   0   0   0   0   0   0   0   0   0   0
48   72884   46   2   0   3   0   0   2   1   0
67   24316   61   6   0   2   0   0   2   3   0
0   0   0   0   0   0   0   0   0   0   0
4   672   4   0   0   1   0   0   1   0   0
18   1837   18   0   0   4   0   0   3   0   0
24   27848   24   0   0   2   0   0   2   0   0
7   2990   7   0   0   0   0   0   0   0   0
0   0   0   0   0   0   0   0   0   0   0
2   80   2   0   0   0   0   0   0   0   0
0   0   0   0   0   0   0   0   0   0   0
2   80   2   0   0   0   0   0   0   0   0
0   0   0   0   0   0   0   0   0   0   0
0   0   0   0   0   0   0   0   0   0   0
5   224   5   0   0   0   0   0   0   0   0
4   513   4   0   0   1   0   0   1   0   0
0   0   0   0   0   0   0   0   0   0   0
4   825   4   0   0   1   0   0   1   0   0
7   3180   7   0   0   1   0   0   1   0   0
6   841   6   0   0   1   0   0   1   0   0
0   0   0   0   0   0   0   0   0   0   0
0   0   0   0   0   0   0   0   0   0   0
0   0   0   0   0   0   0   0   0   0   0
2   80   2   0   0   0   0   0   0   0   0
0   0   0   0   0   0   0   0   0   0   0
0   0   0   0   0   0   0   0   0   0   0
2   80   2   0   0   0   0   0   0   0   0
12   955   12   0   0   1   0   0   1   0   0
2   80   2   0   0   0   0   0   0   0   0
19   10343   19   0   0   2   0   0   2   0   0
17   4307   17   0   0   1   0   0   1   0   0
140   56235   55   85   0   17   0   0   16   0   0
133   35379   0   133   0   18   0   0   5   1   0
74   9448   0   74   0   6   0   0   1   0   0
34   20261   2   32   0   7   0   0   7   0   0
991   1118431   0   991   0   0   0   0   0   0   0
39   16263   13   26   0   4   0   0   3   1   0
26   3524   12   14   0   2   0   0   2   2   0
404   338409   111   293   0   25   0   0   22   1   0
431   327120   27   404   0   20   0   0   15   2   0
209   129919   4   205   0   5   0   0   5   0   0
0   0   0   0   0   0   0   0   0   0   0
0   0   0   0   0   0   0   0   0   0   0
0   0   0   0   0   0   0   0   0   0   0
0   0   0   0   0   0   0   0   0   0   0
0   0   0   0   0   0   0   0   0   0   0
2   522   2   0   0   0   0   0   0   0   0
2   455   2   0   0   0   0   0   0   0   0
6   240   6   0   0   0   0   0   0   0   0
0   0   0   0   0   0   0   0   0   0   0
0   0   0   0   0   0   0   0   0   0   0
12   863   10   2   0   0   0   0   0   1   0
8   1658   0   8   0   1   0   0   1   0   0
0   0   0   0   0   0   0   0   0   0   0
0   0   0   0   0   0   0   0   0   0   0
0   0   0   0   0   0   0   0   0   0   0
42   95209   32   10   0   6   0   0   6   1   0
92   82716   92   0   0   137   0   0   64   0   0
102   42185   88   14   0   3   0   0   2   7   0
47   43020   47   0   0   85   76   0   84   0   0
290   173833   199   91   0   15   0   0   14   6   0
344   307274   146   198   0   5   0   0   5   4   0
0   0   0   0   0   0   0   0   0   0   0
28   19079   28   0   0   0   0   0   0   0   0
332   235310   332   0   0   7   0   1   7   0   0
95   100009   93   2   0   4   0   1   4   1   0
0   0   0   0   0   0   0   0   0   0   0
7   7952   7   0   0   2   0   1   2   0   0
163   399177   118   45   0   14   0   0   6   1   0
11   9964   11   0   0   0   0   0   0   0   0
23   17404   4   19   0   23   0   0   23   0   0
171   127296   28   143   0   0   0   0   0   1   0
11   600   10   1   0   0   0   0   0   0   0
1   200   0   1   0   0   0   0   0   0   0
0   0   0   0   0   0   0   0   0   0   0
6   240   6   0   0   0   0   0   0   0   0
0   0   0   0   0   0   0   0   0   0   0
6   240   6   0   0   0   0   0   0   0   0
0   0   0   0   0   0   0   0   0   0   0
0   0   0   0   0   0   0   0   0   0   0
0   0   0   0   0   0   0   0   0   0   0
2   80   2   0   0   0   0   0   0   0   0
0   0   0   0   0   0   0   0   0   0   0
0   0   0   0   0   0   0   0   0   0   0
0   0   0   0   0   0   0   0   0   0   0
12   480   12   0   0   0   0   0   0   0   0
0   0   0   0   0   0   0   0   0   0   0
50   46660   27   23   0   5   1   1   4   0   0
35   31404   23   12   0   19   0   1   19   0   0
32   35527   24   8   0   22   0   1   22   0   0
398   248877   41   357   0   21   0   1   20   3   0
154   101600   52   102   0   10   0   0   10   2   0
34   10173   27   7   0   2   0   0   2   1   0
8   320   8   0   0   0   0   0   0   0   0
0   0   0   0   0   0   0   0   0   0   0
13   10362   13   0   0   0   0   0   0   0   0
0   0   0   0   0   0   0   0   0   0   0
0   0   0   0   0   0   0   0   0   0   0
0   0   0   0   0   0   0   0   0   0   0
0   0   0   0   0   0   0   0   0   0   0
0   0   0   0   0   0   0   0   0   0   0
0   0   0   0   0   0   0   0   0   0   0
23   8540   8   15   0   3   0   1   3   1   0
11   11138   11   0   0   84   0   1   84   0   0
72   322708   72   0   0   17   0   1   17   0   0
58   28202   14   44   0   8   0   0   8   1   0
89   24638   46   43   0   24   0   1   21   1   0
146   69223   82   64   0   2   0   0   2   0   0
5   1054   0   5   0   1   0   0   1   0   0
2   80   2   0   0   0   0   0   0   0   0
2   425   2   0   0   0   0   0   0   0   0
16   9801   16   0   0   0   0   0   0   0   0
0   0   0   0   0   0   0   0   0   0   0
2   80   2   0   0   0   0   0   0   0   0
0   0   0   0   0   0   0   0   0   0   0
0   0   0   0   0   0   0   0   0   0   0
2   80   2   0   0   0   0   0   0   0   0
1   40   1   0   0   0   0   0   0   0   0
24   5596   16   8   0   1   0   1   1   0   0
1   40   1   0   0   0   0   0   0   0   0
64   88386   56   8   0   37   0   1   37   0   0
70   31139   27   43   0   24   0   1   22   0   0
113   23423   27   86   0   18   0   0   16   0   0
0   0   0   0   0   1   0   0   1   0   0
5   1040   0   5   0   0   0   0   0   0   0
0   0   0   0   0   0   0   0   0   0   0
12   558   12   0   0   0   0   0   0   0   0
0   0   0   0   0   0   0   0   0   0   0
0   0   0   0   0   0   0   0   0   0   0
12   9887   12   0   0   0   0   0   0   0   0
6   240   6   0   0   0   0   0   0   0   0
0   0   0   0   0   0   0   0   0   0   0
0   0   0   0   0   0   0   0   0   0   0
0   0   0   0   0   0   0   0   0   0   0
0   0   0   0   0   0   0   0   0   0   0
0   0   0   0   0   0   0   0   0   0   0
2   80   2   0   0   0   0   0   0   0   0
44   9175   36   8   0   1   0   1   1   0   0
8   320   8   0   0   0   0   0   0   0   0
16   33507   16   0   0   39   0   1   39   0   0
97   156273   62   35   0   17   0   1   17   0   0
54   11130   5   49   0   23   0   1   19   0   0
61   14116   17   44   0   5   0   0   5   0   0
5   1184   0   5   0   1   0   0   1   0   0
0   0   0   0   0   0   0   0   0   0   0
0   0   0   0   0   0   0   0   0   0   0
10   8751   10   0   0   0   0   0   0   0   0
4   620   4   0   0   0   0   0   0   0   0
0   0   0   0   0   0   0   0   0   0   0
0   0   0   0   0   0   0   0   0   0   0
2   80   2   0   0   0   0   0   0   0   0
0   0   0   0   0   0   0   0   0   0   0
6   240   6   0   0   0   0   0   0   0   0
11   2270   6   5   0   2   0   1   2   0   0
10   9264   10   0   0   12   0   1   12   0   0
75   114755   75   0   0   0   0   0   0   0   0
2   80   2   0   0   0   0   0   0   0   0
0   0   0   0   0   0   0   0   0   0   0
2   80   2   0   0   0   0   0   0   0   0
0   0   0   0   0   0   0   0   0   0   0
0   0   0   0   0   0   0   0   0   0   0
0   0   0   0   0   0   0   0   0   0   0
6   317   6   0   0   0   0   0   0   0   0
10   400   10   0   0   0   0   0   0   0   0
0   0   0   0   0   0   0   0   0   0   0
6   240   6   0   0   0   0   0   0   0   0
1   40   1   0   0   0   0   0   0   0   0
2   80   2   0   0   0   0   0   0   0   0
0   0   0   0   0   0   0   0   0   0   0
0   0   0   0   0   0   0   0   0   0   0
0   0   0   0   0   0   0   0   0   0   0
2   80   2   0   0   0   0   0   0   0   0
0   0   0   0   0   0   0   0   0   0   0
0   0   0   0   0   0   0   0   0   0   0
0   0   0   0   0   0   0   0   0   0   0
4   160   4   0   0   0   0   0   0   0   0
0   0   0   0   0   0   0   0   0   0   0
0   0   0   0   0   0   0   0   0   0   0
0   0   0   0   0   0   0   0   0   0   0
0   0   0   0   0   0   0   0   0   0   0
0   0   0   0   0   0   0   0   0   0   0
1   40   1   0   0   0   0   0   0   0   0
0   0   0   0   0   0   0   0   0   0   0
14   560   14   0   0   0   0   0   0   0   0
0   0   0   0   0   0   0   0   0   0   0
2   80   2   0   0   0   0   0   0   0   0
0   0   0   0   0   0   0   0   0   0   0
4   160   4   0   0   0   0   0   0   0   0
78   28886   7   71   0   5   0   1   5   1   0
10   1422   0   10   0   0   0   0   0   0   0
51   74021   42   9   0   31   0   1   30   0   0
562   2261277   481   81   0   34   0   1   34   6   0
443   1913556   352   91   0   25   0   1   19   0   0
206   413248   70   136   0   20   0   0   12   3   0
1   200   0   1   0   2   0   0   2   0   0
1586   1721346   0   1586   0   17   0   0   17   0   0
14   9952   14   0   0   0   0   0   0   0   0
4   160   4   0   0   0   0   0   0   0   0
16   31851   16   0   0   0   0   0   0   0   0
2   80   2   0   0   0   0   0   0   0   0
0   0   0   0   0   0   0   0   0   0   0
1   40   1   0   0   0   0   0   0   0   0
19   41853   19   0   0   0   0   0   0   0   0
0   0   0   0   0   0   0   0   0   0   0
12   16926   12   0   0   0   0   0   0   0   0
0   0   0   0   0   0   0   0   0   0   0
0   0   0   0   0   0   0   0   0   0   0
45   39239   45   0   0   1   0   1   1   0   0
32   31641   22   10   0   18   0   1   18   0   0
86   48942   34   52   0   38   0   1   36   0   0
76   16621   25   51   0   16   0   0   14   0   0
38   5396   0   38   0   1   0   0   1   0   0
2   80   2   0   0   0   0   0   0   0   0
10   8433   10   0   0   0   0   0   0   0   0
0   0   0   0   0   0   0   0   0   0   0
0   0   0   0   0   0   0   0   0   0   0
37   16083   4   33   0   1   0   1   1   1   0
0   0   0   0   0   0   0   0   0   0   0
74   116355   74   0   0   44   0   1   43   0   0
68   32336   19   49   0   20   0   1   17   0   0
91   18219   23   68   0   14   0   0   14   0   0
20   1715   15   5   0   1   0   0   1   0   0
0   0   0   0   0   0   0   0   0   0   0
0   0   0   0   0   0   0   0   0   0   0
14   9501   14   0   0   0   0   0   0   0   0
0   0   0   0   0   0   0   0   0   0   0
6   487   6   0   0   0   0   0   0   0   0
21   3788   16   5   0   2   0   1   2   0   0
26   12994   19   7   0   4   0   1   4   0   0
15   10926   10   5   0   0   0   0   0   0   0
0   0   0   0   0   0   0   0   0   0   0
0   0   0   0   0   0   0   0   0   0   0
0   0   0   0   0   0   0   0   0   0   0
0   0   0   0   0   0   0   0   0   0   0
0   0   0   0   0   0   0   0   0   0   0
31   38340   29   2   0   4   0   0   4   1   0
72   103988   72   0   0   115   0   0   67   0   0
34   12979   34   0   0   14   0   0   9   0   0
32   16213   32   0   0   0   0   0   0   0   0
52   49138   48   4   0   14   0   0   14   2   0
50   103862   50   0   0   11   0   0   11   0   0
527   4283218   527   0   0   36   0   0   36   0   0
107   1000617   107   0   0   0   0   0   0   0   0
197   1296722   195   2   0   24   0   0   21   1   0
222   398488   216   6   0   30   0   0   27   3   0
174   1056848   155   19   0   4   0   0   4   1   0
60   139241   60   0   0   19   0   0   17   0   0
203   731701   201   2   0   7   0   0   7   1   0
113   91468   113   0   0   20   0   0   16   0   0
72   198417   72   0   0   5   0   0   5   0   0
76   524892   76   0   0   0   0   0   0   0   0
0   0   0   0   0   15   0   0   15   0   0
154   860931   152   2   0   4   0   0   4   1   0
60   175658   60   0   0   14   0   0   9   0   0
273   1587002   273   0   0   3   0   0   3   0   0
0   0   0   0   0   1   0   0   1   0   0
2   498   2   0   0   0   0   0   0   0   0
4   306   4   0   0   0   0   0   0   0   0
0   0   0   0   0   0   0   0   0   0   0
2   382   2   0   0   0   0   0   0   0   0
2   382   2   0   0   0   0   0   0   0   0
0   0   0   0   0   0   0   0   0   0   0
9   3587   9   0   0   1   0   0   1   0   0
0   0   0   0   0   0   0   0   0   0   0
4   507   4   0   0   0   0   0   0   0   0
10   400   10   0   0   0   0   0   0   0   0
26   12232   26   0   0   14   0   0   14   0   0
30   17967   21   9   0   1   0   0   1   0   0
7   1030   7   0   0   1   0   0   1   0   0
9   3036   9   0   0   0   0   0   0   0   0
13   9448   13   0   0   1   0   0   1   0   0
4   495   4   0   0   0   0   0   0   0   0
16   11855   16   0   0   1   0   0   1   0   0
21   3664   21   0   0   1   0   0   1   0   0
0   0   0   0   0   0   0   0   0   0   0
10   7222   10   0   0   1   0   0   1   0   0
17   11403   17   0   0   0   0   0   0   0   0
7   2629   7   0   0   1   0   0   1   0   0
11   1353   11   0   0   1   0   0   1   0   0
28   8526   28   0   0   1   0   0   1   0   0
7   2591   7   0   0   1   0   0   1   0   0
19   1512   19   0   0   0   0   0   0   0   0
0   0   0   0   0   0   0   0   0   0   0
0   0   0   0   0   0   0   0   0   0   0
2   80   2   0   0   0   0   0   0   0   0
0   0   0   0   0   0   0   0   0   0   0
10   842   10   0   0   0   0   0   0   0   0
4   1820   4   0   0   0   0   0   0   0   0
2   80   2   0   0   0   0   0   0   0   0
0   0   0   0   0   0   0   0   0   0   0
8   320   8   0   0   0   0   0   0   0   0
0   0   0   0   0   0   0   0   0   0   0
0   0   0   0   0   0   0   0   0   0   0
0   0   0   0   0   0   0   0   0   0   0
19   6167   19   0   0   1   0   0   1   0   0
0   0   0   0   0   0   0   0   0   0   0
0   0   0   0   0   1   0   0   1   0   0
9   3034   9   0   0   0   0   0   0   0   0
18   12173   18   0   0   1   0   0   1   0   0
2   80   2   0   0   0   0   0   0   0   0
16   7626   16   0   0   1   0   0   1   0   0
0   0   0   0   0   0   0   0   0   0   0
0   0   0   0   0   0   0   0   0   0   0
0   0   0   0   0   0   0   0   0   0   0
0   0   0   0   0   0   0   0   0   0   0
0   0   0   0   0   0   0   0   0   0   0
0   0   0   0   0   0   0   0   0   0   0
0   0   0   0   0   0   0   0   0   0   0
0   0   0   0   0   0   0   0   0   0   0
0   0   0   0   0   0   0   0   0   0   0
5   360   4   1   0   0   0   0   0   0   0
1   200   0   1   0   0   0   0   0   0   0
5   360   4   1   0   0   0   0   0   0   0
1   200   0   1   0   0   0   0   0   0   0
0   0   0   0   0   0   0   0   0   0   0
0   0   0   0   0   0   0   0   0   0   0
0   0   0   0   0   0   0   0   0   0   0
0   0   0   0   0   0   0   0   0   0   0
12   480   12   0   0   0   0   0   0   0   0
0   0   0   0   0   0   0   0   0   0   0
2   80   2   0   0   0   0   0   0   0   0
0   0   0   0   0   0   0   0   0   0   0
2   80   2   0   0   0   0   0   0   0   0
0   0   0   0   0   0   0   0   0   0   0
2   80   2   0   0   0   0   0   0   0   0
0   0   0   0   0   0   0   0   0   0   0
4   160   4   0   0   0   0   0   0   0   0
0   0   0   0   0   0   0   0   0   0   0
0   0   0   0   0   0   0   0   0   0   0
0   0   0   0   0   0   0   0   0   0   0
0   0   0   0   0   0   0   0   0   0   0
13   3710   13   0   0   1   0   0   1   0   0
8   383   8   0   0   0   0   0   0   0   0
2   80   2   0   0   0   0   0   0   0   0
92   50190   38   54   0   10   0   0   8   5   0
148   69718   15   133   0   12   0   0   11   3   0
32   17628   20   12   0   1   0   0   1   0   0
13   2914   0   13   0   0   0   0   0   2   0
18   11741   0   18   0   1   0   0   1   0   0
4   160   4   0   0   0   0   0   0   0   0
0   0   0   0   0   0   0   0   0   0   0
6   4617   6   0   0   1   0   0   1   0   0
8   722   8   0   0   0   0   0   0   0   0
2   80   2   0   0   0   0   0   0   0   0
0   0   0   0   0   0   0   0   0   0   0
6   240   6   0   0   0   0   0   0   0   0
0   0   0   0   0   0   0   0   0   0   0
9   3228   9   0   0   1   0   0   1   0   0
0   0   0   0   0   0   0   0   0   0   0
0   0   0   0   0   0   0   0   0   0   0
0   0   0   0   0   0   0   0   0   0   0
1   60   1   0   0   0   0   0   0   0   0
62   22346   60   2   0   6   0   0   4   1   0
48   103629   48   0   0   3   0   0   3   0   0
51   49959   51   0   0   7   0   0   4   0   0
76   348273   76   0   0   0   0   0   0   0   0
33   79305   33   0   0   2   0   0   2   0   0
53   48380   51   2   0   2   0   0   2   1   0
34   95050   34   0   0   1   0   0   1   0   0
28   4872   28   0   0   8   0   0   8   0   0
0   0   0   0   0   6   0   0   2   0   0
0   0   0   0   0   1   0   0   1   0   0
0   0   0   0   0   0   0   0   0   0   0
5   200   5   0   0   1   0   0   1   0   0
2   111   2   0   0   0   0   0   0   0   0
2   80   2   0   0   0   0   0   0   0   0
12   36775   12   0   0   1   0   0   1   0   0
4   205   4   0   0   0   0   0   0   0   0
9   3439   9   0   0   1   0   0   1   0   0
0   0   0   0   0   2   0   0   2   0   0
16   61126   16   0   0   3   0   0   3   0   0
4   160   4   0   0   0   0   0   0   0   0
0   0   0   0   0   0   0   0   0   0   0
0   0   0   0   0   0   0   0   0   0   0
0   0   0   0   0   0   0   0   0   0   0
2   382   2   0   0   0   0   0   0   0   0
0   0   0   0   0   0   0   0   0   0   0
0   0   0   0   0   0   0   0   0   0   0
2   80   2   0   0   0   0   0   0   0   0
12   32954   12   0   0   1   0   0   1   0   0
6   240   6   0   0   0   0   0   0   0   0
0   0   0   0   0   0   0   0   0   0   0
2   125   2   0   0   0   0   0   0   0   0
13   3527   13   0   0   1   0   0   1   0   0
4   160   4   0   0   0   0   0   0   0   0
0   0   0   0   0   0   0   0   0   0   0
0   0   0   0   0   0   0   0   0   0   0
0   0   0   0   0   0   0   0   0   0   0
4   461   4   0   0   0   0   0   0   0   0
0   0   0   0   0   0   0   0   0   0   0
6   240   6   0   0   0   0   0   0   0   0
0   0   0   0   0   0   0   0   0   0   0
0   0   0   0   0   0   0   0   0   0   0
0   0   0   0   0   0   0   0   0   0   0
0   0   0   0   0   0   0   0   0   0   0
6   723   6   0   0   1   0   0   1   0   0
2   155   2   0   0   0   0   0   0   0   0
61   31049   42   19   0   12   0   0   12   1   0
13   3955   13   0   0   1   0   0   1   0   0
20   12334   20   0   0   1   0   0   1   0   0
6   588   6   0   0   0   0   0   0   0   0
1   40   1   0   0   0   0   0   0   0   0
0   0   0   0   0   0   0   0   0   0   0
28   13588   26   2   0   3   0   0   3   1   0
302   228945   30   272   0   18   0   0   16   4   0
17   6283   11   6   0   2   0   0   2   0   0
9   2435   0   9   0   1   0   0   1   0   0
36   25608   19   17   0   1   0   0   1   0   0
14   2065   4   10   0   1   0   0   1   0   0
45   20775   34   11   0   1   0   0   1   1   0
19   3913   19   0   0   1   0   0   1   0   0
18   7817   18   0   0   3   0   0   2   0   0
121   238326   121   0   0   15   0   0   11   0   0
360   2803894   360   0   0   6   0   0   5   0   0
6   22574   6   0   0   1   0   0   1   0   0
12   6872   12   0   0   2   0   0   2   0   0
0   0   0   0   0   0   0   0   0   0   0
4   160   4   0   0   0   0   0   0   0   0
0   0   0   0   0   0   0   0   0   0   0
19   8724   10   9   0   2   0   0   2   0   0
9   2440   9   0   0   1   0   0   1   0   0
16   12366   16   0   0   1   0   0   1   0   0
7   2742   7   0   0   1   0   0   1   0   0
4   482   4   0   0   0   0   0   0   0   0
6   317   6   0   0   0   0   0   0   0   0
4   509   4   0   0   2   0   0   2   0   0
48   89320   48   0   0   4   0   0   1   0   0
68   169026   68   0   0   6   0   0   4   0   0
68   128732   57   11   0   5   0   0   4   0   0
225   503410   223   2   0   13   0   0   12   1   0
68   60952   67   1   0   7   0   0   7   0   0
48   138099   47   1   0   8   0   0   8   0   0
266   659853   265   1   0   17   0   0   17   0   0
9   1040   8   1   0   0   0   0   0   0   0
54   46535   54   0   0   3   0   0   2   0   0
38   22413   38   0   0   3   0   0   2   0   0
62   362079   62   0   0   16   0   0   15   0   0
186   577281   186   0   0   14   0   0   14   0   0
52   164587   52   0   0   6   0   0   6   0   0
34   83794   34   0   0   4   0   0   4   0   0
11   5905   11   0   0   1   0   0   1   0   0
75   47177   73   2   0   12   0   0   10   1   0
217   863212   217   0   0   24   0   0   23   0   0
255   921601   255   0   0   11   0   0   11   0   0
38   129123   38   0   0   3   0   0   3   0   0
38   16300   38   0   0   4   0   0   3   0   0
143   619106   143   0   0   21   0   0   21   0   0
302   1930056   300   2   0   14   0   0   11   1   0
35   49658   35   0   0   5   0   0   5   0   0
29   248119   29   0   0   2   0   0   2   0   0
41   110558   39   2   0   5   0   0   5   1   0
76   370239   76   0   0   6   0   0   6   0   0
2   437   2   0   0   0   0   0   0   0   0
59   195747   59   0   0   7   0   0   7   0   0
103   427080   103   0   0   9   0   0   9   0   0
40   121474   40   0   0   7   0   0   7   0   0
26   55265   26   0   0   2   0   0   2   0   0
40   98703   40   0   0   4   0   0   4   0   0
70   445922   70   0   0   2   0   0   2   0   0
18   51728   18   0   0   1   0   0   1   0   0
9   3386   9   0   0   1   0   0   1   0   0
10   463   10   0   0   0   0   0   0   0   0
46   62074   46   0   0   11   0   0   8   0   0
423   3631472   423   0   0   4   0   0   2   0   0
21   85589   21   0   0   1   0   0   1   0   0
194   1179771   192   2   0   7   0   0   6   1   0
93   685612   93   0   0   7   0   0   4   0   0
94   367301   94   0   0   8   0   0   7   0   0
240   1828727   240   0   0   9   0   0   9   0   0
656   5541241   656   0   0   9   0   0   4   0   0
14   2441   14   0   0   1   0   0   1   0   0
18   7301   18   0   0   1   0   0   1   0   0
2   525   2   0   0   0   0   0   0   0   0
12   7572   12   0   0   1   0   0   1   0   0
11   1268   9   2   0   0   0   0   0   1   0
199   94919   91   108   0   16   0   0   15   4   0
77   39965   2   75   0   1   0   0   1   0   0
33   7632   0   33   0   3   0   0   3   1   0
387   358415   0   387   0   20   0   0   20   1   0
92   38219   0   92   0   8   0   0   8   2   0
169   93892   32   137   0   13   0   0   9   1   0
5   563   0   5   0   0   0   0   0   0   0
10   2464   0   10   0   2   0   0   2   0   0
0   0   0   0   0   0   0   0   0   0   0
0   0   0   0   0   0   0   0   0   0   0
0   0   0   0   0   0   0   0   0   0   0
0   0   0   0   0   0   0   0   0   0   0
0   0   0   0   0   0   0   0   0   0   0
0   0   0   0   0   0   0   0   0   0   0
0   0   0   0   0   0   0   0   0   0   0
28   21098   4   24   0   1   0   0   1   0   0
8   383   8   0   0   0   0   0   0   0   0
47   13709   0   47   0   7   0   0   7   0   0
0   0   0   0   0   0   0   0   0   0   0
0   0   0   0   0   0   0   0   0   0   0
248   249745   0   248   0   7   0   0   7   0   0
135   151846   0   135   0   1   0   0   1   0   0
0   0   0   0   0   0   0   0   0   0   0
2   80   2   0   0   0   0   0   0   0   0
0   0   0   0   0   0   0   0   0   0   0
0   0   0   0   0   0   0   0   0   0   0
5   320   4   1   0   1   0   0   1   0   0
237   254990   0   237   0   3   0   0   3   0   0
9   2727   4   5   0   1   0   0   1   0   0
11   8464   0   11   0   0   0   0   0   0   0
0   0   0   0   0   0   0   0   0   0   0
73   52728   0   73   0   5   0   0   5   0   0
13   6394   2   11   0   0   0   0   0   0   0
0   0   0   0   0   0   0   0   0   0   0
0   0   0   0   0   3   0   0   2   0   0
143   99327   0   143   0   22   0   0   21   0   0
32   7399   0   32   0   3   0   0   3   0   0
192   195420   0   192   0   19   0   0   19   0   0
671   691027   2   669   0   11   0   0   8   0   0
33   21625   2   31   0   1   0   0   1   0   0
53   36786   4   49   0   11   0   0   9   0   0
81   68092   0   81   0   6   0   0   6   0   0
0   0   0   0   0   0   0   0   0   0   0
0   0   0   0   0   0   0   0   0   0   0
6   240   6   0   0   0   0   0   0   0   0
0   0   0   0   0   0   0   0   0   0   0
8   320   8   0   0   0   0   0   0   0   0
0   0   0   0   0   0   0   0   0   0   0
0   0   0   0   0   0   0   0   0   0   0
0   0   0   0   0   0   0   0   0   0   0
16   10863   0   16   0   1   0   0   1   0   0
12   2683   2   10   0   1   0   0   1   0   0
6   615   6   0   0   0   0   0   0   0   0
0   0   0   0   0   0   0   0   0   0   0
0   0   0   0   0   0   0   0   0   0   0
0   0   0   0   0   0   0   0   0   0   0
0   0   0   0   0   0   0   0   0   0   0
0   0   0   0   0   0   0   0   0   0   0
0   0   0   0   0   0   0   0   0   0   0
0   0   0   0   0   0   0   0   0   0   0
4   160   4   0   0   0   0   0   0   0   0
0   0   0   0   0   0   0   0   0   0   0
0   0   0   0   0   0   0   0   0   0   0
0   0   0   0   0   0   0   0   0   0   0
50   39039   0   50   0   7   0   0   7   0   0
284   311646   0   284   0   4   0   0   4   0   0
0   0   0   0   0   0   0   0   0   0   0
14   6431   0   14   0   4   0   0   4   0   0
142   159099   0   142   0   0   0   0   0   0   0
2   80   2   0   0   0   0   0   0   0   0
0   0   0   0   0   0   0   0   0   0   0
4   160   4   0   0   0   0   0   0   0   0
16   11400   0   16   0   1   0   0   1   0   0
0   0   0   0   0   1   0   0   1   0   0
16   11307   0   16   0   0   0   0   0   0   0
20   11249   19   1   0   0   0   0   0   0   0
1   200   0   1   0   0   0   0   0   0   0
3   280   2   1   0   0   0   0   0   0   0
104   97843   0   104   0   6   0   0   6   0   0
0   0   0   0   0   1   0   0   1   0   0
140   157093   0   140   0   0   0   0   0   0   0
0   0   0   0   0   0   0   0   0   0   0
3   536   0   3   0   4   0   0   4   0   0
313   344763   0   313   0   0   0   0   0   0   0
0   0   0   0   0   0   0   0   0   0   0
8   320   8   0   0   3   0   0   3   0   0
25   15221   0   25   0   3   0   0   3   0   0
53   40298   0   53   0   3   0   0   3   0   0
0   0   0   0   0   0   0   0   0   0   0
4   160   4   0   0   0   0   0   0   0   0
246   250633   0   246   0   7   0   0   7   0   0
51   42217   8   43   0   1   0   0   1   0   0
166   167971   0   166   0   6   0   0   6   0   0
0   0   0   0   0   0   0   0   0   0   0
0   0   0   0   0   0   0   0   0   0   0
0   0   0   0   0   0   0   0   0   0   0
0   0   0   0   0   0   0   0   0   0   0
223   234842   4   219   0   3   0   0   3   0   0
17   6279   0   17   0   3   0   0   3   0   0
91   89501   0   91   0   6   0   0   6   0   0
162   169038   0   162   0   5   0   0   5   0   0
0   0   0   0   0   5   0   0   5   0   0
127   129509   0   127   0   0   0   0   0   0   0
140   157521   0   140   0   1   0   0   1   0   0
0   0   0   0   0   0   0   0   0   0   0
4   160   4   0   0   1   0   0   1   0   0
137   153810   0   137   0   0   0   0   0   0   0
515   493710   0   515   0   15   0   0   8   1   0
1271   1400906   0   1271   0   6   0   0   6   0   0
0   0   0   0   0   1   0   0   1   0   0
32   19735   0   32   0   1   0   0   1   1   0
99   92987   9   90   0   2   0   0   2   0   0
17   3499   6   11   0   1   0   0   1   0   0
12   2292   12   0   0   0   0   0   0   0   0
2   425   2   0   0   0   0   0   0   0   0
0   0   0   0   0   0   0   0   0   0   0
4   160   4   0   0   0   0   0   0   0   0
1658   1837894   0   1658   0   4   0   0   3   0   0
20   20705   0   20   0   0   0   0   0   0   0
0   0   0   0   0   0   0   0   0   0   0
4   160   4   0   0   0   0   0   0   0   0
8   1123   0   8   0   1   0   0   1   0   0
27   17665   4   23   0   1   0   0   1   0   0
0   0   0   0   0   0   0   0   0   0   0
0   0   0   0   0   0   0   0   0   0   0
0   0   0   0   0   0   0   0   0   0   0
1   40   1   0   0   0   0   0   0   0   0
0   0   0   0   0   0   0   0   0   0   0
0   0   0   0   0   0   0   0   0   0   0
5   273   5   0   0   0   0   0   0   0   0
6   240   6   0   0   0   0   0   0   0   0
0   0   0   0   0   0   0   0   0   0   0
0   0   0   0   0   0   0   0   0   0   0
0   0   0   0   0   0   0   0   0   0   0
2   80   2   0   0   0   0   0   0   0   0
14   11776   0   14   0   1   0   0   1   0   0
4   160   4   0   0   0   0   0   0   0   0
417   445488   0   417   0   1   0   0   1   0   0
0   0   0   0   0   0   0   0   0   0   0
0   0   0   0   0   0   0   0   0   0   0
0   0   0   0   0   0   0   0   0   0   0
0   0   0   0   0   0   0   0   0   0   0
2081   2310994   0   2081   0   1   0   0   1   0   0
0   0   0   0   0   0   0   0   0   0   0
0   0   0   0   0   0   0   0   0   0   0
0   0   0   0   0   0   0   0   0   0   0
0   0   0   0   0   0   0   0   0   0   0
19   5285   0   19   0   2   0   0   2   0   0
8   1143   0   8   0   1   0   0   1   0   0
0   0   0   0   0   0   0   0   0   0   0
4   160   4   0   0   0   0   0   0   0   0
0   0   0   0   0   0   0   0   0   0   0
0   0   0   0   0   0   0   0   0   0   0
21   14736   0   21   0   2   0   0   2   0   0
7   343   7   0   0   0   0   0   0   0   0
0   0   0   0   0   0   0   0   0   0   0
0   0   0   0   0   0   0   0   0   0   0
369   409432   0   369   0   2   0   0   2   0   0
0   0   0   0   0   0   0   0   0   0   0
2   80   2   0   0   0   0   0   0   0   0
0   0   0   0   0   0   0   0   0   0   0
13   3587   2   11   0   1   0   0   1   0   0
4   344   0   4   0   0   0   0   0   2   0
0   0   0   0   0   0   0   0   0   0   0
0   0   0   0   0   0   0   0   0   0   0
4   160   4   0   0   0   0   0   0   0   0
0   0   0   0   0   0   0   0   0   0   0
4   160   4   0   0   0   0   0   0   0   0
0   0   0   0   0   0   0   0   0   0   0
0   0   0   0   0   0   0   0   0   0   0
0   0   0   0   0   0   0   0   0   0   0
0   0   0   0   0   0   0   0   0   0   0
0   0   0   0   0   0   0   0   0   0   0
0   0   0   0   0   0   0   0   0   0   0
0   0   0   0   0   0   0   0   0   0   0
6   240   6   0   0   0   0   0   0   0   0
13   903   11   2   0   0   0   0   0   1   0
10   2219   0   10   0   1   0   0   1   0   0
0   0   0   0   0   0   0   0   0   0   0
2   80   2   0   0   0   0   0   0   0   0
0   0   0   0   0   0   0   0   0   0   0
12   1296   4   8   0   1   0   0   1   0   0
0   0   0   0   0   0   0   0   0   0   0
0   0   0   0   0   0   0   0   0   0   0
0   0   0   0   0   0   0   0   0   0   0
0   0   0   0   0   0   0   0   0   0   0
69   50703   0   69   0   1   0   0   1   1   0
346   351276   0   346   0   2   0   0   1   0   0
1871   2107628   0   1871   0   0   0   0   0   0   0
0   0   0   0   0   0   0   0   0   0   0
0   0   0   0   0   0   0   0   0   0   0
0   0   0   0   0   0   0   0   0   0   0
0   0   0   0   0   0   0   0   0   0   0
0   0   0   0   0   0   0   0   0   0   0
0   0   0   0   0   0   0   0   0   0   0
5   360   4   1   0   0   0   0   0   0   0
1   200   0   1   0   0   0   0   0   0   0
9   1346   0   9   0   1   0   0   1   0   0
1   200   0   1   0   0   0   0   0   0   0
1   40   1   0   0   0   0   0   0   0   0
0   0   0   0   0   0   0   0   0   0   0
0   0   0   0   0   0   0   0   0   0   0
0   0   0   0   0   0   0   0   0   0   0
0   0   0   0   0   0   0   0   0   0   0
2   80   2   0   0   0   0   0   0   0   0
378   419392   0   378   0   1   0   0   1   0   0
2   80   2   0   0   0   0   0   0   0   0
317   323023   0   317   0   3   0   0   2   0   0
2056   2269134   0   2056   0   0   0   0   0   0   0
0   0   0   0   0   0   0   0   0   0   0
329   336509   12   317   0   12   0   0   12   0   0
537   561932   0   537   0   10   0   0   10   0   0
373   380290   2   371   0   4   0   0   4   0   0
0   0   0   0   0   1   0   0   1   0   0
21   14543   0   21   0   2   0   0   2   0   0
0   0   0   0   0   0   0   0   0   0   0
0   0   0   0   0   0   0   0   0   0   0
8   1245   0   8   0   1   0   0   1   0   0
0   0   0   0   0   0   0   0   0   0   0
0   0   0   0   0   0   0   0   0   0   0
6   240   6   0   0   0   0   0   0   0   0
8   1178   0   8   0   1   0   0   1   0   0
0   0   0   0   0   0   0   0   0   0   0
0   0   0   0   0   0   0   0   0   0   0
2   80   2   0   0   0   0   0   0   0   0
20   14881   0   20   0   1   0   0   1   0   0
4   160   4   0   0   0   0   0   0   0   0
8   1418   0   8   0   1   0   0   1   0   0
0   0   0   0   0   0   0   0   0   0   0
0   0   0   0   0   0   0   0   0   0   0
0   0   0   0   0   0   0   0   0   0   0
0   0   0   0   0   0   0   0   0   0   0
0   0   0   0   0   0   0   0   0   0   0
0   0   0   0   0   0   0   0   0   0   0
0   0   0   0   0   0   0   0   0   0   0
876   1001029   0   876   0   1   0   0   1   0   0
0   0   0   0   0   0   0   0   0   0   0
10   2521   0   10   0   1   0   0   1   0   0
0   0   0   0   0   0   0   0   0   0   0
1   888   0   1   0   1   0   0   1   0   0
685   778363   0   685   0   0   0   0   0   0   0
2   80   2   0   0   0   0   0   0   0   0
788   880038   0   788   0   2   0   0   2   0   0
0   0   0   0   0   0   0   0   0   0   0
0   0   0   0   0   0   0   0   0   0   0
0   0   0   0   0   0   0   0   0   0   0
0   0   0   0   0   0   0   0   0   0   0
16   3451   0   16   0   2   0   0   2   0   0
0   0   0   0   0   0   0   0   0   0   0
2   80   2   0   0   0   0   0   0   0   0
1815   2035758   24   1791   0   1   0   0   1   6   2
259   284428   2   257   0   1   0   0   1   0   0
0   0   0   0   0   0   0   0   0   0   0
0   0   0   0   0   0   0   0   0   0   0
0   0   0   0   0   0   0   0   0   0   0
4   160   4   0   0   0   0   0   0   0   0
0   0   0   0   0   0   0   0   0   0   0
10   1612   2   8   0   1   0   0   1   0   0
0   0   0   0   0   0   0   0   0   0   0
0   0   0   0   0   0   0   0   0   0   0
0   0   0   0   0   0   0   0   0   0   0
250   275738   0   250   0   2   0   0   2   0   0
0   0   0   0   0   0   0   0   0   0   0
1548   1742372   0   1548   0   1   0   0   1   0   0
0   0   0   0   0   0   0   0   0   0   0
6   240   6   0   0   0   0   0   0   0   0
0   0   0   0   0   0   0   0   0   0   0
8   1237   0   8   0   1   0   0   1   0   0
0   0   0   0   0   0   0   0   0   0   0
2   80   2   0   0   0   0   0   0   0   0
8   1714   0   8   0   1   0   0   1   0   0
4   160   4   0   0   0   0   0   0   0   0
0   0   0   0   0   0   0   0   0   0   0
0   0   0   0   0   0   0   0   0   0   0
0   0   0   0   0   1   0   0   1   0   0
242   274380   0   242   0   0   0   0   0   0   0
0   0   0   0   0   0   0   0   0   0   0
0   0   0   0   0   0   0   0   0   0   0
0   0   0   0   0   0   0   0   0   0   0
0   0   0   0   0   0   0   0   0   0   0
0   0   0   0   0   0   0   0   0   0   0
0   0   0   0   0   0   0   0   0   0   0
0   0   0   0   0   0   0   0   0   0   0
0   0   0   0   0   0   0   0   0   0   0
0   0   0   0   0   1   0   0   1   0   0
383   425212   0   383   0   0   0   0   0   0   0
2   80   2   0   0   0   0   0   0   0   0
8   1360   0   8   0   1   0   0   1   0   0
0   0   0   0   0   0   0   0   0   0   0
0   0   0   0   0   0   0   0   0   0   0
1065   1199920   0   1065   0   1   0   0   1   0   0
0   0   0   0   0   0   0   0   0   0   0
0   0   0   0   0   0   0   0   0   0   0
0   0   0   0   0   0   0   0   0   0   0
2   80   2   0   0   0   0   0   0   0   0
0   0   0   0   0   0   0   0   0   0   0
2   80   2   0   0   7   0   0   7   0   0
24   6806   0   24   0   7   0   0   7   0   0
16   10557   0   16   0   0   0   0   0   0   0
0   0   0   0   0   0   0   0   0   0   0
4   160   4   0   0   1   0   0   1   0   0
0   0   0   0   0   0   0   0   0   0   0
2   80   2   0   0   0   0   0   0   0   0
0   0   0   0   0   0   0   0   0   0   0
0   0   0   0   0   0   0   0   0   0   0
0   0   0   0   0   0   0   0   0   0   0
0   0   0   0   0   0   0   0   0   0   0
8   1322   0   8   0   1   0   0   1   0   0
0   0   0   0   0   1   0   0   1   0   0
0   0   0   0   0   0   0   0   0   0   0
44   38571   6   38   0   1   0   0   1   0   0
2   115   0   2   0   0   0   0   0   0   0
0   0   0   0   0   0   0   0   0   0   0
0   0   0   0   0   0   0   0   0   0   0
7   353   7   0   0   0   0   0   0   0   0
1   200   0   1   0   0   0   0   0   0   0
3   280   2   1   0   0   0   0   0   0   0
1   200   0   1   0   0   0   0   0   0   0
1   200   0   1   0   0   0   0   0   0   0
31   11345   29   2   0   2   0   0   2   1   0
6   1166   6   0   0   0   0   0   0   0   0
24   4179   24   0   0   0   0   0   0   0   0
18   3582   18   0   0   0   0   0   0   0   0
10   1905   10   0   0   0   0   0   0   0   0
28   4623   28   0   0   0   0   0   0   0   0
33   44265   12   21   0   4   0   0   4   0   0
143   243401   143   0   0   131   0   0   67   0   0
705   821196   590   115   0   82   0   0   37   17   0
643   525845   387   256   0   6   0   0   6   9   0
427   832322   286   141   0   16   0   0   16   2   0
1303   1312354   205   1098   0   12   0   0   12   5   0
261   244258   205   56   0   10   0   0   10   3   0
730   658218   192   538   0   22   0   0   20   5   0
282   246932   261   21   0   11   0   0   10   5   0
237   134888   43   194   0   11   0   0   8   5   0
308   168544   132   176   0   16   0   0   14   6   0
214   109448   112   102   0   11   0   0   9   5   0
478   278923   209   269   0   37   0   0   28   6   0
526   296387   330   196   0   28   0   0   19   10   0
406   249065   106   300   0   31   0   0   23   4   0
148   94216   23   125   0   12   0   0   10   0   0
273   479987   176   97   0   53   0   0   45   0   0
358   400947   24   334   0   8   0   0   8   0   0
488   651970   87   401   0   31   0   0   22   0   0
202   826666   174   28   0   25   0   0   15   0   0
147   69231   31   116   0   14   0   0   11   3   0
137   85929   49   88   0   13   0   0   11   0   0
242   124982   107   135   0   32   0   0   19   6   0
577   407764   341   236   0   29   0   0   17   4   0
40   5786   0   40   0   6   0   0   3   0   0
4   191   4   0   0   0   0   0   0   0   0
89   68231   31   58   0   57   0   0   31   0   0
420   1275341   366   54   0   28   0   0   28   0   0
74   77210   28   46   0   23   0   0   19   0   0
731   758164   41   690   0   17   0   0   12   1   0
254   138879   121   133   0   22   0   0   15   3   0
247   114210   80   167   0   25   0   0   21   3   0
139   106969   13   126   0   12   0   0   12   0   0
275   141804   76   199   0   30   0   0   23   4   0
40   4607   2   38   0   4   0   0   2   0   0
0   0   0   0   0   0   0   0   0   0   0
159   111140   90   69   0   53   0   0   28   1   0
265   478350   156   109   0   33   0   0   32   0   0
684   706899   26   658   0   14   0   0   11   0   0
137   164614   72   65   0   28   0   0   24   0   0
201   128269   54   147   0   19   0   0   17   3   0
299   156027   55   244   0   24   0   0   15   2   0
54   61561   31   23   0   14   0   0   12   0   0
59   69368   43   16   0   28   0   0   27   0   0
200   458936   128   72   0   58   0   0   34   0   0
713   719805   28   685   0   21   0   0   18   0   0
103   188875   64   39   0   15   0   0   10   0   0
95   44660   50   45   0   13   0   0   12   2   0
217   113625   47   170   0   19   0   0   14   1   0
131   55970   91   40   0   5   0   0   5   1   0
195   483872   171   24   0   67   0   0   42   0   0
67   35470   20   47   0   30   0   0   27   0   0
772   771837   58   714   0   22   0   0   16   0   0
147   82816   65   82   0   19   0   0   14   3   0
171   99283   2   169   0   11   0   0   7   0   0
173   100105   87   86   0   29   0   0   23   3   0
108   57523   4   104   0   8   0   0   7   0   0
8   320   8   0   0   0   0   0   0   0   0
14   10076   14   0   0   0   0   0   0   0   0
12   480   12   0   0   0   0   0   0   0   0
64   78614   28   36   0   56   0   0   31   0   0
199   457892   127   72   0   26   0   0   25   0   0
73   49447   50   23   0   27   0   0   21   0   0
742   753015   44   698   0   12   0   0   7   1   0
95   45038   45   50   0   16   0   0   11   3   0
129   34190   32   97   0   13   0   0   9   0   0
35   12789   27   8   0   3   0   0   3   0   0
50   19830   15   35   0   22   0   0   17   1   0
210   136694   55   155   0   11   0   0   8   2   0
24   2442   6   18   0   1   0   0   1   0   0
22   5829   16   6   0   2   0   0   2   0   0
10   8807   10   0   0   0   0   0   0   0   0
20   33465   20   0   0   2   0   0   1   0   0
12   14754   12   0   0   2   0   0   1   0   0
13   26454   13   0   0   0   0   0   0   0   0
6   240   6   0   0   0   0   0   0   0   0
0   0   0   0   0   0   0   0   0   0   0
21   6265   21   0   0   0   0   0   0   0   0
75   13527   73   2   0   0   0   0   0   1   0
2   80   2   0   0   0   0   0   0   0   0
0   0   0   0   0   0   0   0   0   0   0
4   160   4   0   0   0   0   0   0   0   0
4   160   4   0   0   0   0   0   0   0   0
12   1267   12   0   0   0   0   0   0   0   0
9   1780   9   0   0   0   0   0   0   0   0
27   4106   27   0   0   0   0   0   0   0   0
20   3845   20   0   0   0   0   0   0   0   0
6   1373   6   0   0   0   0   0   0   0   0
0   0   0   0   0   0   0   0   0   0   0
4   919   4   0   0   0   0   0   0   0   0
4   323   4   0   0   0   0   0   0   0   0
10   1087   10   0   0   0   0   0   0   0   0
0   0   0   0   0   0   0   0   0   0   0
0   0   0   0   0   0   0   0   0   0   0
32   4159   32   0   0   0   0   0   0   0   0
6   1153   6   0   0   0   0   0   0   0   0
36   4254   36   0   0   0   0   0   0   0   0
0   0   0   0   0   0   0   0   0   0   0
10   400   10   0   0   0   0   0   0   0   0
50   40267   8   42   0   4   0   0   4   0   0
92   136992   91   1   0   128   0   0   63   0   0
76   69962   76   0   0   1   0   0   1   0   0
8   850   8   0   0   3   0   0   2   0   0
6   1919   6   0   0   0   0   0   0   0   0
18   7788   18   0   0   0   0   0   0   0   0
33   5739   22   11   0   3   0   0   3   5   0
875   2842946   813   62   0   86   0   0   85   7   0
251   181238   235   16   0   41   0   0   41   5   0
546   980604   440   106   0   24   0   0   22   5   0
396   211961   319   77   0   38   0   0   37   7   0
875   633187   588   287   0   39   0   0   36   21   0
498   198842   458   40   0   24   0   0   23   9   0
316   226922   264   52   0   21   0   0   18   4   0
55   34500   24   31   0   4   0   0   4   1   0
1034   5797174   1030   4   0   78   0   0   78   2   0
43   81403   43   0   0   45   0   0   45   0   0
147   117946   120   27   0   31   0   0   31   0   0
380   810064   336   44   0   44   0   0   40   0   0
186   95593   180   6   0   27   0   0   26   0   0
185   69458   140   45   0   18   0   0   17   3   0
153   59721   145   8   0   10   0   0   2   0   0
47   129324   47   0   0   9   0   0   9   0   0
92   30415   82   10   0   5   0   0   5   5   0
164   262131   102   62   0   56   0   0   16   2   0
336   240150   118   218   0   28   0   0   21   4   0
407   333365   125   282   0   53   0   0   27   3   0
100   83289   87   13   0   27   0   0   8   4   2
71   18465   69   2   0   23   0   0   10   1   0
286   1355776   278   8   0   43   0   0   17   0   0
122   75891   108   14   0   24   0   0   21   1   0
451   2787033   450   1   0   28   0   0   27   0   0
1605   13905961   1592   13   0   110   0   0   107   0   0
743   5853863   743   0   0   46   0   0   46   0   0
164   253386   141   23   0   33   0   0   33   0   0
227   43491   181   46   0   44   0   0   40   0   0
197   123451   191   6   0   19   0   0   19   0   0
168   60198   126   42   0   17   0   0   16   3   0
55   28205   50   5   0   0   0   0   0   2   0
73   82752   57   16   0   3   0   0   3   0   0
443   1168745   435   8   0   53   0   0   53   0   0
196   278339   196   0   0   82   0   0   82   0   0
161   184339   136   25   0   38   0   0   37   0   0
205   71943   155   50   0   43   0   0   41   0   0
131   85851   118   13   0   26   0   0   25   1   0
134   60655   102   32   0   6   0   0   6   2   0
241   768781   241   0   0   1   0   0   1   0   0
76   182899   56   20   0   7   0   0   7   0   0
21   6125   21   0   0   7   0   0   7   0   0
192   98036   100   92   0   30   0   0   27   4   0
248   194262   78   170   0   22   0   0   21   0   0
20   11368   20   0   0   2   0   0   2   0   0
68   12447   31   37   0   4   0   0   4   4   2
18   1353   18   0   0   1   0   0   1   0   0
310   303251   277   33   0   17   0   0   17   4   0
19   5451   19   0   0   0   0   0   0   0   0
28   1120   28   0   0   4   0   0   4   0   0
38   9167   19   19   0   1   0   0   1   0   0
20   800   20   0   0   0   0   0   0   0   0
13   705   13   0   0   0   0   0   0   0   0
13   551   13   0   0   0   0   0   0   0   0
4   191   4   0   0   0   0   0   0   0   0
21   2951   21   0   0   1   0   0   1   0   0
5   718   5   0   0   1   0   0   1   0   0
15   1810   15   0   0   1   0   0   1   0   0
5   224   5   0   0   0   0   0   0   0   0
12   480   12   0   0   0   0   0   0   0   0
6   317   6   0   0   0   0   0   0   0   0
2   80   2   0   0   0   0   0   0   0   0
2   80   2   0   0   0   0   0   0   0   0
13   606   13   0   0   0   0   0   0   0   0
10   508   10   0   0   0   0   0   0   0   0
5   2232   5   0   0   1   0   0   1   0   0
11   958   11   0   0   1   0   0   1   0   0
13   544   13   0   0   0   0   0   0   0   0
8   320   8   0   0   0   0   0   0   0   0
2   80   2   0   0   0   0   0   0   0   0
2   80   2   0   0   0   0   0   0   0   0
4   191   4   0   0   0   0   0   0   0   0
9   437   9   0   0   0   0   0   0   0   0
0   0   0   0   0   0   0   0   0   0   0
0   0   0   0   0   0   0   0   0   0   0
9   2414   9   0   0   1   0   0   1   0   0
5   2283   5   0   0   1   0   0   1   0   0
9   423   9   0   0   0   0   0   0   0   0
12   480   12   0   0   0   0   0   0   0   0
5   277   5   0   0   0   0   0   0   0   0
16   640   16   0   0   0   0   0   0   0   0
5   277   5   0   0   0   0   0   0   0   0
36   1440   36   0   0   0   0   0   0   0   0
9   5852   9   0   0   0   0   0   0   0   0
10   400   10   0   0   0   0   0   0   0   0
5   2282   5   0   0   1   0   0   1   0   0
11   960   11   0   0   1   0   0   1   0   0
0   0   0   0   0   0   0   0   0   0   0
14   560   14   0   0   5   0   0   4   0   0
244   98276   170   74   0   40   0   0   40   14   0
135   53699   106   29   0   52   0   0   52   1   0
161   186971   142   19   0   48   0   0   48   2   0
459   919407   426   33   0   42   0   0   42   2   0
401   139860   320   81   0   51   0   0   46   6   0
286   328999   232   54   0   18   0   0   17   4   0
95   129107   87   8   0   4   0   0   4   0   0
40   20115   40   0   0   1   0   0   1   0   0
81   23331   73   8   0   12   0   0   12   4   0
187   105883   72   115   0   22   0   0   18   4   0
378   198076   130   248   0   36   0   0   32   2   0
23   4680   14   9   0   2   0   0   2   0   0
21   4045   10   11   0   16   0   0   16   0   0
31   4780   9   22   0   7   0   0   7   2   0
52   11229   44   8   0   8   0   0   8   1   2
160   69437   104   56   0   17   0   0   17   1   0
21   7652   21   0   0   0   0   0   0   0   0
29   3387   10   19   0   16   0   0   15   0   0
261   152591   110   151   0   38   0   0   35   4   0
167   83390   20   147   0   8   0   0   4   0   0
32   2043   10   22   0   1   0   0   1   3   2
13   674   13   0   0   0   0   0   0   0   0
22   7859   22   0   0   2   0   0   2   0   0
14   1305   14   0   0   0   0   0   0   0   0
14   560   14   0   0   0   0   0   0   0   0
34   3910   34   0   0   2   0   0   2   0   0
6   264   6   0   0   0   0   0   0   0   0
0   0   0   0   0   0   0   0   0   0   0
0   0   0   0   0   0   0   0   0   0   0
10   5586   10   0   0   0   0   0   0   0   0
5   224   5   0   0   0   0   0   0   0   0
0   0   0   0   0   0   0   0   0   0   0
6   2322   6   0   0   1   0   0   1   0   0
2   171   2   0   0   1   0   0   1   0   0
20   1497   20   0   0   0   0   0   0   0   0
1   200   0   1   0   0   0   0   0   0   0
25   1223   24   1   0   0   0   0   0   0   0
9   1926   8   1   0   1   0   0   1   0   0
11   600   10   1   0   1   0   0   1   0   0
207   97554   157   50   0   46   0   0   44   0   0
75   17252   65   10   0   47   0   0   47   0   0
90   34326   73   17   0   68   0   0   68   0   0
218   41945   150   68   0   48   0   0   43   0   0
542   961912   531   11   0   30   0   0   29   0   0
135   62760   97   38   0   10   0   0   9   3   0
56   130339   46   10   0   3   0   0   3   0   0
31   2599   31   0   0   7   0   0   7   0   0
29   12271   29   0   0   1   0   0   1   0   0
85   14968   43   42   0   16   0   0   15   3   0
226   113455   87   139   0   25   0   0   20   1   0
82   16149   47   35   0   5   0   0   3   0   0
8   2479   8   0   0   3   0   0   2   0   0
628   616419   44   584   0   0   0   0   0   4   2
347   1027745   319   28   0   25   0   0   23   0   0
178   103340   176   2   0   66   0   0   66   1   0
557   579501   423   134   0   23   0   0   22   4   0
152   78517   152   0   0   36   0   0   36   0   0
27   16985   27   0   0   29   0   0   29   0   0
60   35357   60   0   0   59   0   0   59   0   0
92   56640   84   8   0   27   0   0   27   1   0
767   736386   113   654   0   11   0   0   10   5   0
42   127181   40   2   0   9   0   0   9   0   0
295   152477   127   168   0   28   0   0   24   6   0
150   110180   117   33   0   16   0   0   11   4   2
294   179327   31   263   0   15   0   0   15   0   0
103   39056   51   52   0   4   0   0   4   9   0
167   146741   145   22   0   72   0   0   72   1   0
80   35800   73   7   0   58   0   0   57   1   0
216   41952   162   54   0   45   0   0   41   0   0
434   809640   370   64   0   25   0   0   24   5   0
90   71860   90   0   0   9   0   0   9   0   0
53   133261   45   8   0   2   0   0   2   0   0
96   176231   86   10   0   17   0   0   15   0   0
279   109791   185   94   0   34   0   0   27   4   0
636   605459   43   593   0   11   0   0   6   4   2
26   2690   3   23   0   1   0   0   1   0   0
3   151   3   0   0   0   0   0   0   0   0
2   224   2   0   0   1   0   0   1   0   0
23   3997   23   0   0   1   0   0   1   0   0
14   622   14   0   0   0   0   0   0   0   0
0   0   0   0   0   0   0   0   0   0   0
12   480   12   0   0   0   0   0   0   0   0
0   0   0   0   0   0   0   0   0   0   0
33   2648   33   0   0   1   0   0   1   0   0
13   5223   13   0   0   0   0   0   0   0   0
2   80   2   0   0   0   0   0   0   0   0
0   0   0   0   0   0   0   0   0   0   0
4   184   4   0   0   1   0   0   1   0   0
25   3968   25   0   0   1   0   0   1   0   0
23   1217   23   0   0   0   0   0   0   0   0
11   539   11   0   0   0   0   0   0   0   0
2   80   2   0   0   0   0   0   0   0   0
0   0   0   0   0   0   0   0   0   0   0
14   560   14   0   0   0   0   0   0   0   0
8   383   8   0   0   0   0   0   0   0   0
14   560   14   0   0   0   0   0   0   0   0
0   0   0   0   0   0   0   0   0   0   0
16   640   16   0   0   1   0   0   1   0   0
121   42105   93   28   0   0   0   0   0   3   0
771   1722497   745   26   0   1   0   0   1   1   0
45   98340   45   0   0   0   0   0   0   0   0
20   800   20   0   0   0   0   0   0   0   0
4   160   4   0   0   0   0   0   0   0   0
47   17135   47   0   0   2   0   0   2   0   0
6   850   6   0   0   0   0   0   0   0   0
0   0   0   0   0   0   0   0   0   0   0
6   264   6   0   0   0   0   0   0   0   0
299   583092   271   28   0   0   0   0   0   2   0
48   10804   47   1   0   2   0   0   2   0   0
281   393175   237   44   0   0   0   0   0   3   0
1736   1346191   883   853   0   0   0   0   0   26   0
223   98465   118   105   0   0   0   0   0   1   0
10   431   10   0   0   0   0   0   0   0   0
30   2361   30   0   0   1   0   0   1   0   0
191   196156   187   4   0   0   0   0   0   2   0
636   1018529   561   75   0   0   0   0   0   5   0
1111   8412697   1107   4   0   0   0   0   0   2   0
466   274917   231   235   0   0   0   0   0   11   0
380   169265   168   212   0   0   0   0   0   3   0
80   32439   53   27   0   1   0   0   1   1   0
2   111   2   0   0   0   0   0   0   0   0
0   0   0   0   0   0   0   0   0   0   0
10   5396   10   0   0   0   0   0   0   0   0
0   0   0   0   0   0   0   0   0   0   0
2   80   2   0   0   0   0   0   0   0   0
0   0   0   0   0   0   0   0   0   0   0
10   400   10   0   0   0   0   0   0   0   0
0   0   0   0   0   0   0   0   0   0   0
7   357   7   0   0   0   0   0   0   0   0
15   2057   15   0   0   0   0   0   0   0   0
14   2775   14   0   0   1   0   0   1   0   0
6   264   6   0   0   0   0   0   0   0   0
2   80   2   0   0   0   0   0   0   0   0
18   11227   18   0   0   1   0   0   1   0   0
8   320   8   0   0   0   0   0   0   0   0
4   184   4   0   0   0   0   0   0   0   0
6   264   6   0   0   0   0   0   0   0   0
5   224   5   0   0   0   0   0   0   0   0
15   624   15   0   0   0   0   0   0   0   0
4   184   4   0   0   0   0   0   0   0   0
30   7364   30   0   0   0   0   0   0   0   0
10   2557   10   0   0   1   0   0   1   0   0
10   400   10   0   0   0   0   0   0   0   0
0   0   0   0   0   0   0   0   0   0   0
16   640   16   0   0   0   0   0   0   0   0
0   0   0   0   0   0   0   0   0   0   0
0   0   0   0   0   0   0   0   0   0   0
20   800   20   0   0   0   0   0   0   0   0
0   0   0   0   0   0   0   0   0   0   0
16   703   16   0   0   0   0   0   0   0   0
0   0   0   0   0   0   0   0   0   0   0
0   0   0   0   0   0   0   0   0   0   0
8   2480   8   0   0   1   0   0   1   0   0
14   623   14   0   0   0   0   0   0   0   0
2   80   2   0   0   0   0   0   0   0   0
37   1766   36   1   0   0   0   0   0   0   0
160   48029   67   93   0   0   0   0   0   13   0
306   296608   252   54   0   0   0   0   0   1   0
472   276323   360   112   0   0   0   0   0   1   0
340   278510   302   38   0   0   0   0   0   1   0
521   340242   361   160   0   0   0   0   0   4   0
928   2259303   724   204   0   0   0   0   0   2   0
7   378   2   5   0   0   0   0   0   0   0
34   12534   26   8   0   1   0   0   1   0   0
7   696   0   7   0   0   0   0   0   0   0
4   160   4   0   0   0   0   0   0   0   0
13   685   13   0   0   0   0   0   0   0   0
0   0   0   0   0   0   0   0   0   0   0
0   0   0   0   0   0   0   0   0   0   0
2   80   2   0   0   0   0   0   0   0   0
31   2911   31   0   0   0   0   0   0   0   0
6   240   6   0   0   0   0   0   0   0   0
0   0   0   0   0   0   0   0   0   0   0
2   80   2   0   0   0   0   0   0   0   0
10   2559   10   0   0   1   0   0   1   0   0
108   117733   77   31   0   0   0   0   0   8   0
249   1438260   234   15   0   0   0   0   0   1   0
65   34922   58   7   0   0   0   0   0   1   0
149   36425   102   47   0   0   0   0   0   3   0
486   641191   438   48   0   0   0   0   0   5   0
238   126093   173   65   0   0   0   0   0   4   0
279   137049   161   118   0   0   0   0   0   4   0
168   42215   125   43   0   0   0   0   0   1   0
26   10916   25   1   0   0   0   0   0   0   0
0   0   0   0   0   0   0   0   0   0   0
99   52843   83   16   0   1   0   0   1   0   0
185   94360   163   22   0   0   0   0   0   0   0
140   58949   97   43   0   3   0   0   3   0   0
163   38181   127   36   0   0   0   0   0   0   0
204   278826   204   0   0   0   0   0   0   0   0
48   6833   48   0   0   0   0   0   0   0   0
54   16393   52   2   0   2   0   0   2   1   0
177   248818   161   16   0   113   0   0   72   0   0
64   65043   64   0   0   36   0   0   30   0   0
19   13828   19   0   0   1   0   0   1   0   0
9   500   9   0   0   1   0   0   1   0   0
42   92973   42   0   0   67   0   0   50   0   0
48   30101   48   0   0   63   0   0   56   0   0
85   28384   79   6   0   3   0   0   3   3   0
339   1549862   296   43   0   120   0   0   120   2   0
1024   4690714   656   368   0   19   0   0   17   5   0
613   425467   452   161   0   20   0   0   10   11   0
172   57368   150   22   0   10   0   0   7   2   0
105   31320   97   8   0   6   0   0   4   0   0
78   27329   78   0   0   9   0   0   5   0   0
81   41096   81   0   0   8   0   0   5   0   0
120   61677   119   1   0   13   0   0   9   0   0
112   119281   106   6   0   117   0   0   60   0   0
480   1163247   406   74   0   18   0   0   18   2   0
211   86468   75   136   0   21   0   0   21   3   0
21   8118   9   12   0   1   0   0   1   0   0
16   780   16   0   0   0   0   0   0   0   0
18   10496   18   0   0   0   0   0   0   0   0
10   15578   10   0   0   0   0   0   0   0   0
0   0   0   0   0   0   0   0   0   0   0
2   111   2   0   0   0   0   0   0   0   0
2   80   2   0   0   0   0   0   0   0   0
0   0   0   0   0   0   0   0   0   0   0
8   2241   0   8   0   1   0   0   1   0   0
9   423   9   0   0   0   0   0   0   0   0
4   160   4   0   0   0   0   0   0   0   0
0   0   0   0   0   0   0   0   0   0   0
19   868   19   0   0   0   0   0   0   0   0
0   0   0   0   0   0   0   0   0   0   0
12   480   12   0   0   0   0   0   0   0   0
0   0   0   0   0   1   0   0   1   0   0
13   625   10   3   0   0   0   0   0   0   0
0   0   0   0   0   0   0   0   0   0   0
12   480   12   0   0   0   0   0   0   0   0
0   0   0   0   0   0   0   0   0   0   0
8   320   8   0   0   0   0   0   0   0   0
5   273   5   0   0   0   0   0   0   0   0
9   423   9   0   0   0   0   0   0   0   0
21   864   21   0   0   0   0   0   0   0   0
2   80   2   0   0   1   0   0   1   0   0
22   880   22   0   0   0   0   0   0   0   0
0   0   0   0   0   0   0   0   0   0   0
15   600   15   0   0   0   0   0   0   0   0
0   0   0   0   0   0   0   0   0   0   0
18   2605   10   8   0   1   0   0   1   0   0
16   5912   0   16   0   1   0   0   1   0   0
0   0   0   0   0   0   0   0   0   0   0
9   621   5   4   0   0   0   0   0   2   0
6   240   6   0   0   0   0   0   0   0   0
77   39758   6   71   0   33   0   0   33   0   0
44   9843   10   34   0   5   0   0   4   0   0
16   6593   0   16   0   2   0   0   2   0   0
24   960   24   0   0   1   0   0   1   0   0
11   517   11   0   0   0   0   0   0   0   0
37   11953   37   0   0   0   0   0   0   0   0
3   1235   0   3   0   1   0   0   1   0   0
74   3520   74   0   0   0   0   0   0   0   0
2   455   2   0   0   0   0   0   0   0   0
8   320   8   0   0   0   0   0   0   0   0
85   37040   2   83   0   38   0   0   37   0   0
28   7443   12   16   0   3   0   0   2   0   0
13   903   11   2   0   0   0   0   0   1   0
0   0   0   0   0   1   0   0   1   0   0
0   0   0   0   0   0   0   0   0   0   0
7   1597   2   5   0   1   0   0   1   0   0
0   0   0   0   0   0   0   0   0   0   0
7   357   7   0   0   0   0   0   0   0   0
0   0   0   0   0   0   0   0   0   0   0
38   29490   0   38   0   37   0   0   33   0   0
25   3858   0   25   0   5   0   0   4   0   0
16   6503   0   16   0   2   0   0   2   0   0
7   357   7   0   0   0   0   0   0   0   0
8   320   8   0   0   1   0   0   1   0   0
0   0   0   0   0   0   0   0   0   0   0
6   240   6   0   0   1   0   0   1   0   0
7   1388   0   7   0   1   0   0   1   2   0
6   240   6   0   0   0   0   0   0   0   0
0   0   0   0   0   0   0   0   0   0   0
5   239   5   0   0   0   0   0   0   0   0
73   33032   17   56   0   41   0   0   37   0   0
23   8545   0   23   0   1   0   0   1   0   0
10   762   6   4   0   0   0   0   0   0   0
1   200   0   1   0   0   0   0   0   0   0
13   680   12   1   0   0   0   0   0   0   0
12   9588   12   0   0   1   0   0   1   0   0
28   2508   22   6   0   2   0   0   2   0   0
0   0   0   0   0   0   0   0   0   0   0
11   440   11   0   0   0   0   0   0   0   0
7   2400   0   7   0   1   0   0   1   0   0
7   293   6   1   0   1   0   0   1   0   0
1   40   1   0   0   0   0   0   0   0   0
0   0   0   0   0   0   0   0   0   0   0
0   0   0   0   0   0   0   0   0   0   0
4   160   4   0   0   0   0   0   0   0   0
0   0   0   0   0   0   0   0   0   0   0
8   320   8   0   0   0   0   0   0   0   0
0   0   0   0   0   0   0   0   0   0   0
22   880   22   0   0   0   0   0   0   0   0
3   1229   0   3   0   1   0   0   1   0   0
18   720   18   0   0   0   0   0   0   0   0
0   0   0   0   0   0   0   0   0   0   0
30   1200   30   0   0   0   0   0   0   0   0
0   0   0   0   0   0   0   0   0   0   0
14   560   14   0   0   0   0   0   0   0   0
0   0   0   0   0   0   0   0   0   0   0
8   320   8   0   0   0   0   0   0   0   0
0   0   0   0   0   0   0   0   0   0   0
41   28864   5   36   0   20   0   0   16   0   0
34   4547   0   34   0   21   0   0   21   0   0
18   5261   8   10   0   1   0   0   1   0   0
0   0   0   0   0   0   0   0   0   0   0
3   120   3   0   0   0   0   0   0   0   0
16   2399   16   0   0   0   0   0   0   0   0
6   966   6   0   0   0   0   0   0   0   0
0   0   0   0   0   0   0   0   0   0   0
12   1893   12   0   0   0   0   0   0   0   0
36   2767   36   0   0   0   0   0   0   0   0
39   11586   30   9   0   1   0   0   1   0   0
18   29953   8   10   0   4   0   0   4   1   0
76   155299   76   0   0   139   0   0   62   0   0
197   133718   195   2   0   4   0   0   4   1   0
68   62807   67   1   0   17   0   0   16   1   0
752   1867804   747   5   0   11   0   0   11   2   0
49   125423   49   0   0   2   0   0   2   0   0
2   80   2   0   0   0   0   0   0   0   0
44   15048   42   2   0   3   0   0   2   1   0
16   11717   16   0   0   0   0   0   0   0   0
