Num.pkt, sum pkt size, sum TCP,sum UDP, sum ICMP, Num.Apache.Req.Res, Num.error,Logged?,Num.Diff.Pages,Num.Dns.query,Num.Dns.Error
20   4075   20   0   0   1   1   0   1   0   0
10   1895   10   0   0   1   0   0   1   0   0
10   2789   10   0   0   1   0   0   1   0   0
10   1895   10   0   0   1   0   0   1   0   0
20   4075   20   0   0   1   0   0   1   0   0
10   2789   10   0   0   2   1   0   2   0   0
28   6772   28   0   0   1   0   0   1   0   0
20   4075   20   0   0   3   1   0   2   0   0
30   4467   30   0   0   2   1   0   2   0   0
10   2789   10   0   0   3   2   0   2   0   0
20   4075   20   0   0   2   1   0   2   0   0
10   1286   10   0   0   1   0   0   1   0   0
30   5970   30   0   0   3   2   0   2   0   0
40   7865   40   0   0   3   0   0   2   0   0
30   7473   30   0   0   2   1   0   2   0   0
10   1286   10   0   0   3   0   0   2   0   0
20   2572   20   0   0   1   1   0   1   0   0
20   3181   20   0   0   2   2   0   1   0   0
10   1895   10   0   0   2   1   0   2   0   0
10   2789   10   0   0   1   0   0   1   0   0
20   4684   20   0   0   1   0   0   1   0   0
