32   7589   32   0   0   3   0   0   2   0   0
20   4684   20   0   0   2   0   0   2   0   0
20   5578   20   0   0   2   0   0   1   0   0
30   5970   30   0   0   3   1   0   3   0   0
40   7865   40   0   0   4   1   0   3   0   0
30   3858   30   0   0   2   2   0   1   0   0
32   7589   32   0   0   4   1   0   3   0   0
20   4075   20   0   0   2   1   0   2   0   0
10   1895   10   0   0   1   0   0   1   0   0
30   5970   30   0   0   1   0   0   1   0   0
20   5578   20   0   0   4   1   0   2   0   0
20   3790   20   0   0   2   0   0   1   0   0
18   3983   18   0   0   1   1   0   1   0   0
20   3181   20   0   0   2   1   0   2   0   0
10   1895   10   0   0   2   0   0   1   0   0
20   3181   20   0   0   2   1   0   2   0   0
12   2011   12   0   0   1   0   0   1   0   0
38   5661   38   0   0   2   1   0   2   0   0
10   2789   10   0   0   3   2   0   2   0   0
20   3181   20   0   0   2   1   0   2   0   0
10   1286   10   0   0   1   1   0   1   0   0
10   1895   10   0   0   1   0   0   1   0   0
30   5361   30   0   0   2   1   0   2   0   0
10   2789   10   0   0   1   1   0   1   0   0
20   5578   20   0   0   2   0   0   1   0   0
10   2789   10   0   0   1   0   0   1   0   0
22   2688   22   0   0   3   2   0   2   0   0
10   1895   10   0   0   1   0   0   1   0   0
10   1895   10   0   0   1   0   0   1   0   0
20   4075   20   0   0   2   1   0   2   0   0
20   4075   20   0   0   2   1   0   2   0   0
20   2572   20   0   0   1   1   0   1   0   0
32   5801   32   0   0   3   1   0   2   0   0
8   1194   8   0   0   2   1   0   2   0   0
21   2640   20   1   0   1   1   0   1   0   0
10   2789   10   0   0   1   1   0   1   0   0
10   2789   10   0   0   2   0   0   1   0   0
10   2789   10   0   0   1   0   0   1   0   0
10   1895   10   0   0   1   0   0   1   0   0
20   4075   20   0   0   1   0   0   1   0   0
20   4075   20   0   0   2   2   0   1   0   0
32   6086   32   0   0   3   1   0   3   0   0
30   5361   30   0   0   4   2   0   2   0   0
40   6971   40   0   0   2   0   0   1   0   0
20   4684   20   0   0   3   1   0   3   0   0
20   4075   20   0   0   2   0   0   2   0   0
20   3181   20   0   0   3   2   0   2   0   0
30   6864   30   0   0   2   1   0   2   0   0
20   3181   20   0   0   3   1   0   3   0   0
10   1286   10   0   0   1   1   0   1   0   0
20   4684   20   0   0   2   0   0   2   0   0
20   3181   20   0   0   1   0   0   1   0   0
20   3790   20   0   0   2   1   0   2   0   0
20   3181   20   0   0   3   1   0   2   0   0
20   3181   20   0   0   1   1   0   1   0   0
10   2789   10   0   0   2   0   0   2   0   0
10   1286   10   0   0   1   1   0   1   0   0
20   3181   20   0   0   2   1   0   2   0   0
20   2572   20   0   0   1   1   0   1   0   0
10   1286   10   0   0   2   2   0   1   0   0
20   4684   20   0   0   1   0   0   1   0   0
40   7865   40   0   0   4   1   0   3   0   0
20   5578   20   0   0   3   0   0   2   0   0
20   4684   20   0   0   2   0   0   2   0   0
10   1286   10   0   0   1   1   0   1   0   0
20   3790   20   0   0   2   0   0   1   0   0
50   11548   50   0   0   3   1   0   3   0   0
20   4684   20   0   0   3   0   0   2   0   0
20   4684   20   0   0   2   0   0   1   0   0
20   3181   20   0   0   2   1   0   2   0   0
20   2572   20   0   0   3   2   0   2   0   0
8   1194   8   0   0   1   1   0   1   0   0
40   10262   40   0   0   4   0   0   2   0   0
20   5578   20   0   0   1   0   0   1   0   0
40   7865   40   0   0   4   1   0   3   0   0
10   1286   10   0   0   1   0   0   1   0   0
8   1803   8   0   0   2   1   0   2   0   0
10   1286   10   0   0   1   1   0   1   0   0
30   5970   30   0   0   1   0   0   1   0   0
20   5578   20   0   0   4   1   0   2   0   0
10   2789   10   0   0   1   0   0   1   0   0
10   1895   10   0   0   1   0   0   1   0   0
12   1402   12   0   0   1   1   0   1   0   0
30   8367   30   0   0   2   0   0   1   0   0
20   4684   20   0   0   3   0   0   2   0   0
30   7473   30   0   0   2   0   0   2   0   0
20   4075   20   0   0   2   1   0   2   0   0
30   4467   30   0   0   4   2   0   3   0   0
10   1286   10   0   0   1   1   0   1   0   0
10   1286   10   0   0   1   1   0   1   0   0
20   4075   20   0   0   1   1   0   1   0   0
10   1895   10   0   0   2   0   0   2   0   0
40   8759   40   0   0   3   1   0   3   0   0
22   3297   22   0   0   3   1   0   3   0   0
20   4075   20   0   0   2   1   0   2   0   0
20   4684   20   0   0   2   0   0   2   0   0
32   7589   32   0   0   3   0   0   2   0   0
20   5578   20   0   0   2   0   0   1   0   0
10   1895   10   0   0   1   0   0   1   0   0
20   4075   20   0   0   1   1   0   1   0   0
10   2789   10   0   0   2   0   0   1   0   0
20   4075   20   0   0   1   1   0   1   0   0
10   1286   10   0   0   2   1   0   2   0   0
30   5970   30   0   0   3   1   0   3   0   0
30   6579   30   0   0   3   0   0   2   0   0
18   3089   18   0   0   1   0   0   1   0   0
10   1286   10   0   0   2   2   0   1   0   0
10   1286   10   0   0   1   1   0   1   0   0
20   4684   20   0   0   2   0   0   2   0   0
30   4467   30   0   0   3   2   0   2   0   0
20   4075   20   0   0   1   1   0   1   0   0
10   1895   10   0   0   2   0   0   2   0   0
50   9151   50   0   0   4   1   0   3   0   0
10   1895   10   0   0   2   1   0   2   0   0
10   1286   10   0   0   1   1   0   1   0   0
20   5578   20   0   0   2   0   0   1   0   0
10   2789   10   0   0   1   0   0   1   0   0
20   4684   20   0   0   2   0   0   2   0   0
10   1895   10   0   0   1   0   0   1   0   0
20   4075   20   0   0   1   1   0   1   0   0
10   1286   10   0   0   2   1   0   2   0   0
36   7527   36   0   0   2   1   0   2   0   0
24   6201   24   0   0   4   1   0   2   0   0
10   1895   10   0   0   1   0   0   1   0   0
10   2789   10   0   0   1   0   0   1   0   0
20   4684   20   0   0   1   0   0   1   0   0
10   1286   10   0   0   1   0   0   1   0   0
10   1310   10   0   0   2   2   0   1   0   0
20   3181   20   0   0   2   1   0   2   0   0
10   1286   10   0   0   1   1   0   1   0   0
10   1286   10   0   0   1   1   0   1   0   0
20   3181   20   0   0   2   1   0   2   0   0
20   3181   20   0   0   1   1   0   1   0   0
20   4684   20   0   0   3   0   0   2   0   0
30   6864   30   0   0   2   1   0   2   0   0
20   4075   20   0   0   3   1   0   2   0   0
22   4800   22   0   0   2   0   0   2   0   0
30   6579   30   0   0   2   0   0   2   0   0
30   7473   30   0   0   3   0   0   2   0   0
10   1895   10   0   0   2   0   0   2   0   0
10   1895   10   0   0   1   0   0   1   0   0
20   3181   20   0   0   2   1   0   2   0   0
10   1286   10   0   0   1   1   0   1   0   0
20   4075   20   0   0   2   1   0   2   0   0
20   4075   20   0   0   2   1   0   2   0   0
28   5878   28   0   0   3   1   0   3   0   0
40   6971   40   0   0   2   0   0   1   0   0
30   6579   30   0   0   5   1   0   3   0   0
20   3181   20   0   0   1   0   0   1   0   0
30   5970   30   0   0   3   2   0   2   0   0
20   4684   20   0   0   3   0   0   2   0   0
20   4075   20   0   0   2   1   0   2   0   0
30   6864   30   0   0   1   1   0   1   0   0
20   3181   20   0   0   4   1   0   3   0   0
40   7865   40   0   0   3   1   0   2   0   0
20   3181   20   0   0   3   1   0   3   0   0
20   4684   20   0   0   1   0   0   1   0   0
10   1286   10   0   0   2   1   0   2   0   0
18   3089   18   0   0   2   1   0   2   0   0
40   8759   40   0   0   4   1   0   3   0   0
20   4684   20   0   0   2   0   0   2   0   0
40   9653   40   0   0   3   1   0   2   0   0
20   4684   20   0   0   2   0   0   2   0   0
10   1895   10   0   0   2   0   0   2   0   0
18   2480   18   0   0   2   2   0   1   0   0
20   4075   20   0   0   2   1   0   2   0   0
20   3181   20   0   0   1   1   0   1   0   0
10   1286   10   0   0   2   1   0   2   0   0
10   1895   10   0   0   1   0   0   1   0   0
20   4075   20   0   0   2   1   0   2   0   0
30   5076   30   0   0   1   1   0   1   0   0
20   3181   20   0   0   4   1   0   2   0   0
20   3790   20   0   0   2   0   0   1   0   0
10   1895   10   0   0   1   0   0   1   0   0
20   4684   20   0   0   2   0   0   2   0   0
10   1895   10   0   0   1   0   0   1   0   0
20   3181   20   0   0   2   1   0   2   0   0
10   1895   10   0   0   1   0   0   1   0   0
10   1286   10   0   0   1   1   0   1   0   0
60   13443   60   0   0   5   0   0   2   0   0
10   1895   10   0   0   2   1   0   2   0   0
32   5477   32   0   0   2   1   0   2   0   0
20   3181   20   0   0   1   1   0   1   0   0
10   1895   10   0   0   3   1   0   2   0   0
20   4684   20   0   0   1   0   0   1   0   0
18   4592   18   0   0   2   0   0   1   0   0
10   1895   10   0   0   2   0   0   1   0   0
40   10262   40   0   0   3   0   0   2   0   0
40   10262   40   0   0   2   0   0   1   0   0
20   2572   20   0   0   5   2   0   3   0   0
10   1895   10   0   0   1   0   0   1   0   0
20   4684   20   0   0   2   0   0   2   0   0
20   4684   20   0   0   2   0   0   2   0   0
30   8367   30   0   0   3   0   0   1   0   0
10   1895   10   0   0   1   0   0   1   0   0
10   1286   10   0   0   1   1   0   1   0   0
20   2572   20   0   0   1   1   0   1   0   0
10   2789   10   0   0   2   1   0   2   0   0
30   6579   30   0   0   3   0   0   2   0   0
20   3181   20   0   0   2   1   0   2   0   0
40   5144   40   0   0   4   4   0   1   0   0
10   1895   10   0   0   1   0   0   1   0   0
10   2789   10   0   0   1   0   0   1   0   0
10   2789   10   0   0   1   0   0   1   0   0
20   4684   20   0   0   2   0   0   2   0   0
30   5970   30   0   0   3   1   0   3   0   0
12   2011   12   0   0   1   0   0   1   0   0
20   5578   20   0   0   2   0   0   1   0   0
30   7473   30   0   0   2   0   0   2   0   0
10   1895   10   0   0   2   0   0   2   0   0
10   1895   10   0   0   1   0   0   1   0   0
10   2789   10   0   0   1   0   0   1   0   0
10   1286   10   0   0   1   1   0   1   0   0
20   3790   20   0   0   2   0   0   1   0   0
30   5361   30   0   0   2   2   0   1   0   0
10   2789   10   0   0   2   0   0   1   0   0
20   3790   20   0   0   2   0   0   1   0   0
8   1194   8   0   0   1   1   0   1   0   0
20   3181   20   0   0   2   1   0   2   0   0
30   4467   30   0   0   1   0   0   1   0   0
30   5685   30   0   0   5   2   0   2   0   0
10   2789   10   0   0   1   0   0   1   0   0
20   4075   20   0   0   2   1   0   2   0   0
20   4684   20   0   0   2   0   0   2   0   0
20   5578   20   0   0   1   0   0   1   0   0
20   4684   20   0   0   3   0   0   2   0   0
10   1286   10   0   0   1   1   0   1   0   0
30   7473   30   0   0   3   0   0   2   0   0
30   7473   30   0   0   2   0   0   2   0   0
10   2789   10   0   0   2   0   0   1   0   0
30   5970   30   0   0   3   1   0   3   0   0
20   2572   20   0   0   2   2   0   1   0   0
30   3858   30   0   0   3   3   0   1   0   0
10   1895   10   0   0   1   0   0   1   0   0
20   4684   20   0   0   2   0   0   2   0   0
10   1286   10   0   0   1   1   0   1   0   0
20   4684   20   0   0   1   0   0   1   0   0
18   3698   18   0   0   2   0   0   1   0   0
20   4684   20   0   0   3   0   0   2   0   0
18   3983   18   0   0   2   1   0   2   0   0
30   4467   30   0   0   2   2   0   1   0   0
10   2789   10   0   0   1   0   0   1   0   0
10   2789   10   0   0   2   0   0   1   0   0
20   4684   20   0   0   2   0   0   2   0   0
10   1895   10   0   0   1   0   0   1   0   0
20   3181   20   0   0   1   1   0   1   0   0
22   5694   22   0   0   2   0   0   2   0   0
10   1895   10   0   0   1   0   0   1   0   0
20   5578   20   0   0   3   0   0   2   0   0
18   4592   18   0   0   1   0   0   1   0   0
10   1286   10   0   0   2   1   0   2   0   0
30   7473   30   0   0   3   0   0   2   0   0
20   3181   20   0   0   2   1   0   2   0   0
42   7372   42   0   0   2   2   0   1   0   0
32   5477   32   0   0   3   0   0   2   0   0
10   1286   10   0   0   3   3   0   1   0   0
30   5361   30   0   0   3   2   0   2   0   0
20   3181   20   0   0   2   1   0   2   0   0
30   8367   30   0   0   2   0   0   1   0   0
20   3181   20   0   0   1   0   0   1   0   0
10   1286   10   0   0   3   2   0   2   0   0
30   5361   30   0   0   3   2   0   2   0   0
30   4467   30   0   0   2   1   0   2   0   0
10   2789   10   0   0   1   1   0   1   0   0
18   3089   18   0   0   3   1   0   3   0   0
70   14729   70   0   0   6   2   0   3   0   0
10   1895   10   0   0   2   0   0   1   0   0
20   4684   20   0   0   2   0   0   2   0   0
10   2789   10   0   0   1   0   0   1   0   0
10   1286   10   0   0   1   1   0   1   0   0
40   11156   40   0   0   2   0   0   1   0   0
10   2789   10   0   0   3   0   0   1   0   0
10   1286   10   0   0   1   1   0   1   0   0
10   1286   10   0   0   1   1   0   1   0   0
30   7473   30   0   0   2   0   0   2   0   0
10   1895   10   0   0   2   0   0   2   0   0
30   6864   30   0   0   3   1   0   2   0   0
10   2789   10   0   0   1   0   0   1   0   0
20   3790   20   0   0   2   0   0   1   0   0
30   5970   30   0   0   3   1   0   3   0   0
10   2789   10   0   0   1   0   0   1   0   0
40   8759   40   0   0   4   1   0   3   0   0
18   3983   18   0   0   2   1   0   2   0   0
10   2789   10   0   0   1   0   0   1   0   0
10   1895   10   0   0   1   0   0   1   0   0
10   1286   10   0   0   1   1   0   1   0   0
40   10262   40   0   0   4   0   0   2   0   0
20   4075   20   0   0   2   1   0   2   0   0
10   1286   10   0   0   1   1   0   1   0   0
10   1286   10   0   0   1   1   0   1   0   0
21   3249   20   1   0   2   1   0   2   0   0
40   10262   40   0   0   2   0   0   1   0   0
40   6647   40   0   0   5   2   0   3   0   0
28   4375   28   0   0   2   2   0   1   0   0
40   5753   40   0   0   5   3   0   2   0   0
10   1286   10   0   0   2   2   0   1   0   0
20   4075   20   0   0   2   1   0   2   0   0
10   1895   10   0   0   1   0   0   1   0   0
28   7381   28   0   0   3   0   0   2   0   0
10   1286   10   0   0   1   1   0   1   0   0
20   4684   20   0   0   2   0   0   2   0   0
20   3181   20   0   0   2   1   0   2   0   0
10   2789   10   0   0   1   0   0   1   0   0
10   1895   10   0   0   1   0   0   1   0   0
20   4075   20   0   0   1   0   0   1   0   0
10   1286   10   0   0   2   2   0   1   0   0
30   6864   30   0   0   3   1   0   2   0   0
30   7473   30   0   0   3   0   0   2   0   0
20   3181   20   0   0   2   1   0   2   0   0
32   5192   32   0   0   2   0   0   1   0   0
10   1286   10   0   0   2   2   0   1   0   0
20   3181   20   0   0   2   1   0   2   0   0
10   1895   10   0   0   1   0   0   1   0   0
16   3452   16   0   0   1   0   0   1   0   0
34   8096   34   0   0   3   1   0   2   0   0
10   1286   10   0   0   2   1   0   2   0   0
20   3181   20   0   0   2   1   0   2   0   0
20   3181   20   0   0   2   1   0   2   0   0
32   6695   32   0   0   2   0   0   2   0   0
22   2688   22   0   0   3   2   0   2   0   0
10   1895   10   0   0   1   0   0   1   0   0
22   4800   22   0   0   1   0   0   1   0   0
10   1895   10   0   0   2   0   0   1   0   0
30   5361   30   0   0   3   2   0   2   0   0
10   1286   10   0   0   1   1   0   1   0   0
20   2572   20   0   0   2   2   0   1   0   0
40   7865   40   0   0   4   1   0   3   0   0
20   3181   20   0   0   2   1   0   2   0   0
40   8150   40   0   0   4   2   0   2   0   0
10   1286   10   0   0   1   1   0   1   0   0
30   5076   30   0   0   3   1   0   2   0   0
20   3181   20   0   0   2   1   0   2   0   0
30   3858   30   0   0   2   2   0   1   0   0
8   1803   8   0   0   2   1   0   2   0   0
30   5076   30   0   0   1   0   0   1   0   0
20   3790   20   0   0   2   1   0   2   0   0
12   2011   12   0   0   3   0   0   1   0   0
20   4075   20   0   0   2   1   0   2   0   0
22   3297   22   0   0   2   1   0   2   0   0
10   1286   10   0   0   1   1   0   1   0   0
20   4075   20   0   0   2   1   0   2   0   0
28   5878   28   0   0   2   1   0   2   0   0
22   3297   22   0   0   3   1   0   2   0   0
30   5970   30   0   0   3   1   0   3   0   0
20   3181   20   0   0   2   1   0   2   0   0
22   5694   22   0   0   1   0   0   1   0   0
10   2789   10   0   0   2   0   0   1   0   0
10   1895   10   0   0   1   0   0   1   0   0
20   3790   20   0   0   1   0   0   1   0   0
10   1895   10   0   0   2   0   0   1   0   0
10   1286   10   0   0   1   1   0   1   0   0
30   5361   30   0   0   3   2   0   2   0   0
10   2789   10   0   0   1   0   0   1   0   0
20   3181   20   0   0   2   1   0   2   0   0
20   3790   20   0   0   2   0   0   1   0   0
30   4467   30   0   0   2   2   0   1   0   0
10   1286   10   0   0   2   1   0   2   0   0
20   4075   20   0   0   1   0   0   1   0   0
10   2789   10   0   0   2   1   0   2   0   0
20   2572   20   0   0   2   2   0   1   0   0
20   2572   20   0   0   1   1   0   1   0   0
30   7473   30   0   0   4   1   0   3   0   0
10   1895   10   0   0   1   0   0   1   0   0
30   3858   30   0   0   3   3   0   1   0   0
30   6864   30   0   0   2   1   0   2   0   0
10   1286   10   0   0   2   1   0   2   0   0
10   1895   10   0   0   1   0   0   1   0   0
21   4744   21   0   0   2   0   0   2   0   0
19   4624   19   0   0   2   0   0   2   0   0
30   4467   30   0   0   3   2   0   2   0   0
10   1895   10   0   0   1   0   0   1   0   0
20   3181   20   0   0   2   1   0   2   0   0
20   4684   20   0   0   1   0   0   1   0   0
10   1895   10   0   0   2   0   0   1   0   0
10   1895   10   0   0   1   0   0   1   0   0
20   3181   20   0   0   2   1   0   2   0   0
10   1286   10   0   0   1   1   0   1   0   0
22   4191   22   0   0   2   1   0   2   0   0
8   1803   8   0   0   1   0   0   1   0   0
20   3181   20   0   0   1   0   0   1   0   0
20   4075   20   0   0   3   2   0   2   0   0
10   1895   10   0   0   1   0   0   1   0   0
10   1286   10   0   0   1   1   0   1   0   0
20   3790   20   0   0   2   0   0   1   0   0
20   5578   20   0   0   1   0   0   1   0   0
10   1286   10   0   0   2   1   0   2   0   0
20   4684   20   0   0   2   0   0   2   0   0
20   4075   20   0   0   2   1   0   2   0   0
22   4191   22   0   0   2   1   0   2   0   0
30   4467   30   0   0   3   2   0   2   0   0
10   2789   10   0   0   1   0   0   1   0   0
30   4467   30   0   0   2   1   0   2   0   0
8   1803   8   0   0   2   1   0   2   0   0
50   10369   50   0   0   4   0   0   2   0   0
10   2789   10   0   0   2   0   0   2   0   0
10   1286   10   0   0   1   1   0   1   0   0
40   8150   40   0   0   4   2   0   2   0   0
10   1895   10   0   0   1   0   0   1   0   0
22   4800   22   0   0   2   0   0   2   0   0
20   3181   20   0   0   2   1   0   2   0   0
10   1895   10   0   0   1   0   0   1   0   0
10   1895   10   0   0   1   0   0   1   0   0
20   3790   20   0   0   2   0   0   1   0   0
10   2789   10   0   0   1   0   0   1   0   0
42   7372   42   0   0   4   2   0   3   0   0
40   7256   40   0   0   4   2   0   3   0   0
30   5970   30   0   0   2   0   0   2   0   0
20   3181   20   0   0   3   2   0   2   0   0
20   4684   20   0   0   2   0   0   2   0   0
30   5361   30   0   0   3   2   0   2   0   0
10   2789   10   0   0   1   0   0   1   0   0
20   4684   20   0   0   1   0   0   1   0   0
10   2789   10   0   0   2   0   0   2   0   0
30   5970   30   0   0   2   1   0   2   0   0
20   3790   20   0   0   3   0   0   2   0   0
20   5578   20   0   0   1   0   0   1   0   0
10   1895   10   0   0   2   0   0   2   0   0
20   3181   20   0   0   2   1   0   2   0   0
10   2789   10   0   0   1   0   0   1   0   0
20   3790   20   0   0   2   0   0   1   0   0
20   3181   20   0   0   2   1   0   2   0   0
20   4075   20   0   0   2   1   0   2   0   0
28   4984   28   0   0   3   1   0   2   0   0
22   5694   22   0   0   2   0   0   1   0   0
10   1286   10   0   0   1   1   0   1   0   0
30   4467   30   0   0   3   2   0   2   0   0
10   1895   10   0   0   1   0   0   1   0   0
42   7372   42   0   0   3   2   0   2   0   0
8   2697   8   0   0   2   0   0   1   0   0
10   1895   10   0   0   1   0   0   1   0   0
20   5578   20   0   0   2   0   0   1   0   0
30   5970   30   0   0   3   1   0   3   0   0
30   5970   30   0   0   2   0   0   2   0   0
20   3181   20   0   0   3   2   0   2   0   0
40   7256   40   0   0   4   2   0   3   0   0
12   2011   12   0   0   1   0   0   1   0   0
10   1895   10   0   0   1   0   0   1   0   0
20   4075   20   0   0   2   1   0   2   0   0
22   3297   22   0   0   2   1   0   2   0   0
10   1286   10   0   0   1   1   0   1   0   0
10   1895   10   0   0   1   0   0   1   0   0
20   3181   20   0   0   2   1   0   2   0   0
20   3790   20   0   0   2   0   0   1   0   0
30   8367   30   0   0   2   0   0   1   0   0
20   4684   20   0   0   3   0   0   2   0   0
10   2789   10   0   0   1   0   0   1   0   0
10   1895   10   0   0   1   0   0   1   0   0
10   2789   10   0   0   1   0   0   1   0   0
10   1286   10   0   0   1   1   0   1   0   0
20   3181   20   0   0   2   1   0   2   0   0
12   1402   12   0   0   1   1   0   1   0   0
20   4684   20   0   0   2   0   0   2   0   0
10   1895   10   0   0   1   0   0   1   0   0
10   1286   10   0   0   1   1   0   1   0   0
10   2789   10   0   0   1   0   0   1   0   0
20   4684   20   0   0   2   0   0   2   0   0
18   3089   18   0   0   2   1   0   2   0   0
20   2572   20   0   0   2   2   0   1   0   0
28   6487   28   0   0   3   0   0   2   0   0
20   3181   20   0   0   2   1   0   2   0   0
30   6864   30   0   0   3   1   0   2   0   0
18   3983   18   0   0   1   1   0   1   0   0
20   4684   20   0   0   3   0   0   2   0   0
30   5970   30   0   0   3   1   0   3   0   0
20   3181   20   0   0   2   1   0   2   0   0
20   4684   20   0   0   1   0   0   1   0   0
40   8474   40   0   0   5   0   0   2   0   0
10   2789   10   0   0   1   0   0   1   0   0
30   5076   30   0   0   3   1   0   2   0   0
20   2572   20   0   0   2   2   0   1   0   0
10   2789   10   0   0   1   0   0   1   0   0
20   3181   20   0   0   2   1   0   2   0   0
10   1286   10   0   0   1   1   0   1   0   0
20   4075   20   0   0   2   1   0   2   0   0
10   2789   10   0   0   1   0   0   1   0   0
20   3181   20   0   0   2   1   0   2   0   0
20   4075   20   0   0   1   1   0   1   0   0
10   1286   10   0   0   2   1   0   2   0   0
26   6395   26   0   0   3   0   0   2   0   0
20   5578   20   0   0   2   0   0   1   0   0
20   4684   20   0   0   1   0   0   1   0   0
20   4684   20   0   0   2   0   0   2   0   0
20   4075   20   0   0   2   1   0   2   0   0
10   1286   10   0   0   2   1   0   2   0   0
30   5970   30   0   0   3   1   0   3   0   0
10   1286   10   0   0   1   1   0   1   0   0
20   3181   20   0   0   2   1   0   2   0   0
30   5361   30   0   0   3   2   0   2   0   0
10   2789   10   0   0   1   0   0   1   0   0
20   5578   20   0   0   2   0   0   1   0   0
31   6937   30   1   0   3   1   0   2   0   0
20   2572   20   0   0   2   2   0   1   0   0
20   4684   20   0   0   2   0   0   2   0   0
10   1895   10   0   0   1   0   0   1   0   0
10   1895   10   0   0   1   0   0   1   0   0
20   4075   20   0   0   1   0   0   1   0   0
22   3297   22   0   0   3   2   0   2   0   0
30   6579   30   0   0   3   0   0   2   0   0
10   1895   10   0   0   1   0   0   1   0   0
30   5076   30   0   0   3   1   0   2   0   0
30   7473   30   0   0   3   0   0   2   0   0
20   3181   20   0   0   2   1   0   2   0   0
10   2789   10   0   0   1   0   0   1   0   0
20   5578   20   0   0   2   0   0   1   0   0
20   5578   20   0   0   2   0   0   1   0   0
10   1286   10   0   0   1   1   0   1   0   0
10   1895   10   0   0   1   0   0   1   0   0
10   1286   10   0   0   1   1   0   1   0   0
20   5578   20   0   0   1   0   0   1   0   0
21   4757   20   1   0   3   0   0   2   0   0
8   2697   8   0   0   1   0   0   1   0   0
20   3181   20   0   0   2   1   0   2   0   0
28   5269   28   0   0   2   1   0   2   0   0
10   1286   10   0   0   2   2   0   1   0   0
10   2789   10   0   0   1   0   0   1   0   0
20   5578   20   0   0   2   0   0   1   0   0
20   4075   20   0   0   2   1   0   2   0   0
10   1895   10   0   0   1   0   0   1   0   0
10   1895   10   0   0   1   0   0   1   0   0
20   2572   20   0   0   2   2   0   1   0   0
40   7865   40   0   0   4   1   0   3   0   0
20   4075   20   0   0   2   1   0   2   0   0
10   1895   10   0   0   1   0   0   1   0   0
20   5578   20   0   0   2   0   0   1   0   0
10   2789   10   0   0   1   0   0   1   0   0
30   6864   30   0   0   3   1   0   2   0   0
30   6864   30   0   0   3   1   0   2   0   0
10   1286   10   0   0   1   1   0   1   0   0
30   5685   30   0   0   3   0   0   1   0   0
20   4684   20   0   0   1   0   0   1   0   0
20   4075   20   0   0   3   1   0   2   0   0
20   4684   20   0   0   2   0   0   2   0   0
20   4075   20   0   0   1   0   0   1   0   0
10   1895   10   0   0   2   1   0   2   0   0
10   2789   10   0   0   1   0   0   1   0   0
20   3181   20   0   0   2   1   0   2   0   0
10   2789   10   0   0   1   0   0   1   0   0
10   1286   10   0   0   1   1   0   1   0   0
20   2572   20   0   0   2   2   0   1   0   0
30   6579   30   0   0   3   0   0   2   0   0
20   4075   20   0   0   2   1   0   2   0   0
20   5578   20   0   0   2   0   0   1   0   0
12   1402   12   0   0   1   1   0   1   0   0
32   7589   32   0   0   3   0   0   2   0   0
20   4684   20   0   0   2   0   0   2   0   0
20   4684   20   0   0   2   0   0   2   0   0
42   7372   42   0   0   4   2   0   3   0   0
10   1286   10   0   0   1   1   0   1   0   0
20   4075   20   0   0   2   1   0   2   0   0
10   1895   10   0   0   1   0   0   1   0   0
20   4075   20   0   0   2   1   0   2   0   0
20   3181   20   0   0   1   1   0   1   0   0
20   3181   20   0   0   3   1   0   2   0   0
30   4467   30   0   0   3   2   0   2   0   0
10   2789   10   0   0   1   0   0   1   0   0
52   9876   52   0   0   5   1   0   3   0   0
10   1895   10   0   0   1   0   0   1   0   0
28   4984   28   0   0   3   1   0   2   0   0
22   4191   22   0   0   2   1   0   2   0   0
20   3790   20   0   0   2   0   0   1   0   0
40   7256   40   0   0   2   2   0   1   0   0
30   5076   30   0   0   5   1   0   3   0   0
28   4375   28   0   0   3   2   0   2   0   0
10   2789   10   0   0   1   0   0   1   0   0
20   4684   20   0   0   2   0   0   2   0   0
10   2789   10   0   0   1   0   0   1   0   0
40   6362   40   0   0   4   2   0   2   0   0
10   2789   10   0   0   1   0   0   1   0   0
30   5361   30   0   0   3   2   0   2   0   0
12   1402   12   0   0   1   1   0   1   0   0
30   5970   30   0   0   3   1   0   3   0   0
20   4684   20   0   0   2   0   0   2   0   0
10   1895   10   0   0   1   0   0   1   0   0
8   1803   8   0   0   1   0   0   1   0   0
20   3181   20   0   0   2   1   0   2   0   0
10   2789   10   0   0   1   0   0   1   0   0
20   5578   20   0   0   2   0   0   1   0   0
50   11263   50   0   0   5   0   0   2   0   0
10   1310   10   0   0   1   1   0   1   0   0
20   3181   20   0   0   2   1   0   2   0   0
20   3181   20   0   0   2   1   0   2   0   0
20   3181   20   0   0   2   1   0   2   0   0
12   2905   12   0   0   1   0   0   1   0   0
30   5076   30   0   0   3   1   0   2   0   0
20   3790   20   0   0   2   0   0   1   0   0
32   5477   32   0   0   3   2   0   2   0   0
20   5578   20   0   0   2   0   0   1   0   0
20   5578   20   0   0   2   0   0   1   0   0
10   1895   10   0   0   1   0   0   1   0   0
22   5694   22   0   0   2   0   0   1   0   0
11   1346   11   0   0   2   1   0   2   0   0
19   5518   19   0   0   1   0   0   1   0   0
10   2789   10   0   0   1   0   0   1   0   0
20   4684   20   0   0   2   0   0   2   0   0
20   3181   20   0   0   2   1   0   2   0   0
22   3906   22   0   0   2   0   0   1   0   0
30   4467   30   0   0   3   2   0   2   0   0
10   1286   10   0   0   1   1   0   1   0   0
10   2789   10   0   0   1   0   0   1   0   0
10   2789   10   0   0   1   0   0   1   0   0
20   3205   20   0   0   2   1   0   2   0   0
18   3983   18   0   0   2   1   0   2   0   0
50   8542   50   0   0   5   3   0   3   0   0
12   1378   12   0   0   1   1   0   1   0   0
22   2688   22   0   0   2   2   0   1   0   0
20   4684   20   0   0   2   0   0   2   0   0
18   2480   18   0   0   2   2   0   1   0   0
20   3790   20   0   0   2   0   0   1   0   0
20   4684   20   0   0   2   0   0   2   0   0
40   7256   40   0   0   4   2   0   3   0   0
10   1895   10   0   0   1   0   0   1   0   0
10   1895   10   0   0   1   0   0   1   0   0
20   2572   20   0   0   2   2   0   1   0   0
20   3181   20   0   0   2   1   0   2   0   0
20   3181   20   0   0   2   1   0   2   0   0
40   10262   40   0   0   4   0   0   2   0   0
10   2789   10   0   0   1   0   0   1   0   0
10   1895   10   0   0   1   0   0   1   0   0
10   1895   10   0   0   1   0   0   1   0   0
20   4684   20   0   0   2   0   0   2   0   0
20   4075   20   0   0   2   1   0   2   0   0
40   8759   40   0   0   4   1   0   3   0   0
30   6864   30   0   0   3   1   0   2   0   0
20   2572   20   0   0   2   2   0   1   0   0
10   2789   10   0   0   1   0   0   1   0   0
22   3297   22   0   0   2   1   0   2   0   0
50   10045   50   0   0   5   2   0   3   0   0
28   5878   28   0   0   3   1   0   3   0   0
10   1895   10   0   0   1   0   0   1   0   0
28   6487   28   0   0   3   0   0   2   0   0
22   3297   22   0   0   2   1   0   2   0   0
10   1286   10   0   0   2   1   0   2   0   0
32   7589   32   0   0   2   0   0   2   0   0
40   6647   40   0   0   4   3   0   2   0   0
20   2572   20   0   0   2   2   0   1   0   0
10   2789   10   0   0   1   0   0   1   0   0
30   5970   30   0   0   3   1   0   3   0   0
20   3181   20   0   0   2   1   0   2   0   0
20   4684   20   0   0   2   0   0   2   0   0
40   7865   40   0   0   4   1   0   3   0   0
10   1286   10   0   0   1   1   0   1   0   0
30   5970   30   0   0   3   1   0   3   0   0
20   3181   20   0   0   2   1   0   2   0   0
10   1286   10   0   0   1   1   0   1   0   0
20   4075   20   0   0   2   1   0   2   0   0
22   3906   22   0   0   2   0   0   1   0   0
10   1286   10   0   0   1   1   0   1   0   0
30   5970   30   0   0   4   2   0   3   0   0
20   2572   20   0   0   1   1   0   1   0   0
20   3181   20   0   0   2   1   0   2   0   0
20   3181   20   0   0   2   1   0   2   0   0
30   5076   30   0   0   3   1   0   2   0   0
40   8150   40   0   0   4   2   0   2   0   0
10   1895   10   0   0   1   0   0   1   0   0
10   1286   10   0   0   1   1   0   1   0   0
40   9368   40   0   0   4   0   0   2   0   0
10   2789   10   0   0   1   0   0   1   0   0
22   3297   22   0   0   2   1   0   2   0   0
20   4684   20   0   0   2   0   0   2   0   0
10   1286   10   0   0   1   1   0   1   0   0
22   3906   22   0   0   2   0   0   1   0   0
12   2011   12   0   0   1   0   0   1   0   0
22   4800   22   0   0   3   1   0   3   0   0
28   5269   28   0   0   3   1   0   3   0   0
20   3790   20   0   0   1   0   0   1   0   0
20   4684   20   0   0   2   0   0   2   0   0
44   8991   44   0   0   4   1   0   3   0   0
30   5361   30   0   0   3   2   0   2   0   0
10   1286   10   0   0   1   1   0   1   0   0
18   2480   18   0   0   2   2   0   1   0   0
20   3181   20   0   0   2   1   0   2   0   0
10   2789   10   0   0   1   0   0   1   0   0
10   1286   10   0   0   1   1   0   1   0   0
20   4075   20   0   0   2   1   0   2   0   0
30   6579   30   0   0   3   0   0   2   0   0
20   5578   20   0   0   2   0   0   1   0   0
40   9653   40   0   0   4   1   0   2   0   0
30   8367   30   0   0   3   0   0   1   0   0
20   4075   20   0   0   2   1   0   2   0   0
20   3181   20   0   0   2   1   0   2   0   0
10   1895   10   0   0   1   0   0   1   0   0
20   2572   20   0   0   2   2   0   1   0   0
12   2905   12   0   0   1   0   0   1   0   0
20   4075   20   0   0   2   1   0   2   0   0
20   4684   20   0   0   2   0   0   2   0   0
20   4684   20   0   0   2   0   0   2   0   0
20   4684   20   0   0   2   0   0   2   0   0
52   7764   52   0   0   5   3   0   2   0   0
20   3181   20   0   0   2   1   0   2   0   0
12   1402   12   0   0   1   1   0   1   0   0
10   1286   10   0   0   2   1   0   2   0   0
20   5578   20   0   0   1   0   0   1   0   0
10   2789   10   0   0   1   0   0   1   0   0
20   4684   20   0   0   2   0   0   2   0   0
10   1286   10   0   0   1   1   0   1   0   0
20   5578   20   0   0   2   0   0   1   0   0
32   4583   32   0   0   3   2   0   2   0   0
12   2011   12   0   0   2   0   0   2   0   0
20   4684   20   0   0   1   0   0   1   0   0
8   1194   8   0   0   1   1   0   1   0   0
22   4191   22   0   0   2   1   0   2   0   0
10   1895   10   0   0   2   0   0   2   0   0
22   5694   22   0   0   1   0   0   1   0   0
30   5076   30   0   0   3   1   0   2   0   0
20   4684   20   0   0   2   0   0   2   0   0
20   2572   20   0   0   2   2   0   1   0   0
20   4684   20   0   0   2   0   0   2   0   0
10   1895   10   0   0   1   0   0   1   0   0
40   10262   40   0   0   4   0   0   2   0   0
10   1286   10   0   0   1   1   0   1   0   0
20   4684   20   0   0   2   0   0   2   0   0
32   8483   32   0   0   3   0   0   1   0   0
30   6864   30   0   0   3   1   0   2   0   0
18   3698   18   0   0   2   0   0   1   0   0
10   1286   10   0   0   1   1   0   1   0   0
10   1895   10   0   0   1   0   0   1   0   0
20   3181   20   0   0   2   1   0   2   0   0
10   2789   10   0   0   2   1   0   2   0   0
20   4075   20   0   0   1   0   0   1   0   0
10   1895   10   0   0   1   0   0   1   0   0
20   2572   20   0   0   3   2   0   2   0   0
20   3790   20   0   0   1   0   0   1   0   0
30   7473   30   0   0   3   0   0   2   0   0
10   2789   10   0   0   1   0   0   1   0   0
10   1895   10   0   0   1   0   0   1   0   0
30   4467   30   0   0   3   2   0   2   0   0
20   4684   20   0   0   2   0   0   2   0   0
20   3790   20   0   0   2   0   0   1   0   0
20   4075   20   0   0   2   1   0   2   0   0
20   4684   20   0   0   2   0   0   2   0   0
10   2789   10   0   0   1   0   0   1   0   0
20   4684   20   0   0   2   0   0   2   0   0
10   1286   10   0   0   1   1   0   1   0   0
20   3181   20   0   0   2   1   0   2   0   0
20   4075   20   0   0   2   1   0   2   0   0
10   1895   10   0   0   1   0   0   1   0   0
40   6647   40   0   0   4   3   0   2   0   0
20   3790   20   0   0   2   0   0   1   0   0
10   2789   10   0   0   2   0   0   1   0   0
40   9368   40   0   0   3   0   0   2   0   0
10   2789   10   0   0   1   0   0   1   0   0
18   2480   18   0   0   2   2   0   1   0   0
32   6086   32   0   0   3   1   0   3   0   0
20   5578   20   0   0   2   0   0   1   0   0
10   1286   10   0   0   1   1   0   1   0   0
30   4467   30   0   0   3   2   0   2   0   0
10   2789   10   0   0   1   0   0   1   0   0
20   4684   20   0   0   2   0   0   2   0   0
20   3790   20   0   0   2   0   0   1   0   0
40   8759   40   0   0   4   1   0   3   0   0
10   1286   10   0   0   1   1   0   1   0   0
10   1286   10   0   0   1   1   0   1   0   0
20   4684   20   0   0   2   0   0   2   0   0
20   4075   20   0   0   2   1   0   2   0   0
30   5970   30   0   0   5   2   0   3   0   0
28   4375   28   0   0   1   1   0   1   0   0
10   1286   10   0   0   1   1   0   1   0   0
20   4684   20   0   0   2   0   0   2   0   0
10   1895   10   0   0   1   0   0   1   0   0
20   4684   20   0   0   2   0   0   2   0   0
8   1803   8   0   0   2   1   0   2   0   0
20   2572   20   0   0   1   1   0   1   0   0
10   2789   10   0   0   1   0   0   1   0   0
10   2789   10   0   0   1   0   0   1   0   0
40   7256   40   0   0   4   2   0   3   0   0
30   5361   30   0   0   3   2   0   2   0   0
20   2572   20   0   0   2   2   0   1   0   0
10   2789   10   0   0   1   0   0   1   0   0
40   8759   40   0   0   4   1   0   3   0   0
8   1194   8   0   0   1   1   0   1   0   0
40   8474   40   0   0   4   0   0   2   0   0
10   1286   10   0   0   1   1   0   1   0   0
30   5076   30   0   0   3   1   0   2   0   0
10   2789   10   0   0   1   0   0   1   0   0
20   3181   20   0   0   2   1   0   2   0   0
10   1895   10   0   0   1   0   0   1   0   0
30   6579   30   0   0   3   0   0   2   0   0
40   10262   40   0   0   4   0   0   2   0   0
10   1286   10   0   0   1   1   0   1   0   0
22   3906   22   0   0   2   0   0   1   0   0
20   3181   20   0   0   2   1   0   2   0   0
42   8875   42   0   0   4   1   0   3   0   0
10   2789   10   0   0   1   0   0   1   0   0
20   3181   20   0   0   2   1   0   2   0   0
20   3181   20   0   0   2   1   0   2   0   0
10   1286   10   0   0   1   1   0   1   0   0
20   4075   20   0   0   2   1   0   2   0   0
30   6579   30   0   0   3   0   0   2   0   0
22   3297   22   0   0   2   1   0   2   0   0
20   3790   20   0   0   2   0   0   1   0   0
8   1194   8   0   0   2   1   0   2   0   0
30   7473   30   0   0   3   1   0   3   0   0
30   4467   30   0   0   2   1   0   2   0   0
10   1895   10   0   0   1   0   0   1   0   0
10   1895   10   0   0   1   0   0   1   0   0
20   4075   20   0   0   2   1   0   2   0   0
22   5694   22   0   0   3   0   0   2   0   0
20   4684   20   0   0   2   0   0   1   0   0
20   5578   20   0   0   2   0   0   2   0   0
20   3790   20   0   0   1   0   0   1   0   0
20   4075   20   0   0   2   1   0   2   0   0
20   4684   20   0   0   2   0   0   2   0   0
11   1354   10   1   0   1   1   0   1   0   0
10   2789   10   0   0   2   1   0   2   0   0
18   3983   18   0   0   1   0   0   1   0   0
20   5578   20   0   0   2   0   0   1   0   0
20   3790   20   0   0   2   0   0   1   0   0
20   5578   20   0   0   2   0   0   1   0   0
20   3790   20   0   0   2   0   0   1   0   0
40   5144   40   0   0   4   4   0   1   0   0
30   5361   30   0   0   3   2   0   2   0   0
20   2572   20   0   0   2   2   0   1   0   0
20   3790   20   0   0   2   0   0   1   0   0
10   2789   10   0   0   1   0   0   1   0   0
20   5578   20   0   0   3   1   0   2   0   0
22   4191   22   0   0   1   0   0   1   0   0
10   2789   10   0   0   1   0   0   1   0   0
20   5578   20   0   0   3   1   0   2   0   0
22   4191   22   0   0   1   0   0   1   0   0
20   3181   20   0   0   2   1   0   2   0   0
10   1286   10   0   0   1   1   0   1   0   0
10   1286   10   0   0   1   1   0   1   0   0
10   1286   10   0   0   1   1   0   1   0   0
20   4075   20   0   0   3   1   0   3   0   0
20   4684   20   0   0   1   0   0   1   0   0
20   5578   20   0   0   2   0   0   1   0   0
10   1286   10   0   0   1   1   0   1   0   0
10   1895   10   0   0   1   0   0   1   0   0
20   4684   20   0   0   2   0   0   2   0   0
8   1194   8   0   0   1   1   0   1   0   0
10   1895   10   0   0   1   0   0   1   0   0
20   4075   20   0   0   3   2   0   2   0   0
30   5361   30   0   0   2   1   0   2   0   0
20   4684   20   0   0   2   0   0   2   0   0
20   2572   20   0   0   2   2   0   1   0   0
10   2789   10   0   0   1   0   0   1   0   0
20   3181   20   0   0   2   1   0   2   0   0
10   1286   10   0   0   1   1   0   1   0   0
10   1895   10   0   0   2   1   0   2   0   0
20   2572   20   0   0   2   2   0   1   0   0
20   3181   20   0   0   1   0   0   1   0   0
32   5477   32   0   0   4   3   0   2   0   0
30   5970   30   0   0   3   0   0   2   0   0
20   4684   20   0   0   1   0   0   1   0   0
20   5578   20   0   0   3   0   0   2   0   0
20   3790   20   0   0   1   0   0   1   0   0
28   5878   28   0   0   3   1   0   3   0   0
20   3181   20   0   0   3   1   0   2   0   0
20   3181   20   0   0   1   1   0   1   0   0
20   4075   20   0   0   2   1   0   2   0   0
30   7473   30   0   0   4   0   0   2   0   0
20   4075   20   0   0   2   1   0   2   0   0
20   3181   20   0   0   1   1   0   1   0   0
10   1895   10   0   0   1   0   0   1   0   0
20   4075   20   0   0   3   2   0   2   0   0
30   4467   30   0   0   2   1   0   2   0   0
8   1194   8   0   0   2   1   0   2   0   0
20   3790   20   0   0   1   0   0   1   0   0
20   3790   20   0   0   2   0   0   1   0   0
10   1286   10   0   0   2   1   0   2   0   0
20   5578   20   0   0   2   0   0   1   0   0
30   5970   30   0   0   2   1   0   2   0   0
10   1286   10   0   0   1   1   0   1   0   0
10   1286   10   0   0   2   1   0   2   0   0
10   1895   10   0   0   1   1   0   1   0   0
30   4467   30   0   0   2   1   0   2   0   0
10   2789   10   0   0   1   0   0   1   0   0
10   1895   10   0   0   2   1   0   2   0   0
30   4467   30   0   0   3   1   0   3   0   0
20   4075   20   0   0   1   1   0   1   0   0
10   1895   10   0   0   2   1   0   2   0   0
20   4075   20   0   0   1   0   0   1   0   0
12   2011   12   0   0   1   0   0   1   0   0
10   1286   10   0   0   1   1   0   1   0   0
10   1895   10   0   0   1   0   0   1   0   0
30   7473   30   0   0   3   0   0   2   0   0
20   3181   20   0   0   2   1   0   2   0   0
10   1895   10   0   0   1   0   0   1   0   0
20   4684   20   0   0   2   0   0   2   0   0
20   2572   20   0   0   3   3   0   1   0   0
30   6864   30   0   0   2   0   0   1   0   0
10   1286   10   0   0   1   1   0   1   0   0
40   8759   40   0   0   4   1   0   3   0   0
10   2789   10   0   0   1   0   0   1   0   0
30   5970   30   0   0   4   1   0   3   0   0
20   3790   20   0   0   1   0   0   1   0   0
10   1286   10   0   0   1   1   0   1   0   0
10   1286   10   0   0   2   1   0   2   0   0
28   5878   28   0   0   3   1   0   3   0   0
10   2789   10   0   0   1   0   0   1   0   0
30   6579   30   0   0   3   0   0   2   0   0
20   3790   20   0   0   1   0   0   1   0   0
10   1286   10   0   0   1   1   0   1   0   0
20   4075   20   0   0   3   2   0   2   0   0
18   3983   18   0   0   2   0   0   2   0   0
30   7473   30   0   0   2   0   0   1   0   0
20   2572   20   0   0   2   2   0   1   0   0
22   2688   22   0   0   2   2   0   1   0   0
30   5685   30   0   0   4   1   0   2   0   0
30   4467   30   0   0   3   1   0   2   0   0
18   4592   18   0   0   1   0   0   1   0   0
10   1286   10   0   0   1   1   0   1   0   0
30   7473   30   0   0   3   0   0   2   0   0
20   4075   20   0   0   2   1   0   2   0   0
36   7072   36   0   0   4   2   0   3   0   0
30   5076   30   0   0   3   1   0   2   0   0
20   4684   20   0   0   2   0   0   2   0   0
20   3181   20   0   0   2   1   0   2   0   0
10   2789   10   0   0   2   0   0   2   0   0
30   4467   30   0   0   3   2   0   2   0   0
20   5578   20   0   0   2   1   0   2   0   0
30   5076   30   0   0   2   0   0   1   0   0
20   3181   20   0   0   2   1   0   2   0   0
20   4684   20   0   0   3   0   0   2   0   0
20   4684   20   0   0   2   0   0   1   0   0
30   7473   30   0   0   3   1   0   3   0   0
60   9543   60   0   0   5   2   0   2   0   0
10   1895   10   0   0   1   0   0   1   0   0
20   4075   20   0   0   3   1   0   2   0   0
20   5578   20   0   0   1   0   0   1   0   0
10   2789   10   0   0   1   0   0   1   0   0
20   3181   20   0   0   2   1   0   2   0   0
30   5076   30   0   0   3   1   0   2   0   0
30   5970   30   0   0   5   1   0   3   0   0
30   6579   30   0   0   2   0   0   2   0   0
10   1895   10   0   0   1   0   0   1   0   0
20   5578   20   0   0   1   0   0   1   0   0
20   5578   20   0   0   2   0   0   1   0   0
20   4075   20   0   0   2   1   0   2   0   0
10   1895   10   0   0   2   1   0   2   0   0
