8   332   8   0   0   0   0   0   0   0   0
6   248   6   0   0   0   0   0   0   0   0
3   124   3   0   0   0   0   0   0   0   0
9   372   9   0   0   0   0   0   0   0   0
6   248   6   0   0   0   0   0   0   0   0
3   124   3   0   0   0   0   0   0   0   0
6   248   6   0   0   0   0   0   0   0   0
12   496   12   0   0   0   0   0   0   0   0
3   124   3   0   0   0   0   0   0   0   0
3   124   3   0   0   0   0   0   0   0   0
9   372   9   0   0   0   0   0   0   0   0
6   248   6   0   0   0   0   0   0   0   0
3   124   3   0   0   0   0   0   0   0   0
3   124   3   0   0   0   0   0   0   0   0
6   248   6   0   0   0   0   0   0   0   0
3   124   3   0   0   0   0   0   0   0   0
6   248   6   0   0   0   0   0   0   0   0
6   248   6   0   0   0   0   0   0   0   0
3   124   3   0   0   0   0   0   0   0   0
6   248   6   0   0   0   0   0   0   0   0
6   248   6   0   0   0   0   0   0   0   0
3   124   3   0   0   0   0   0   0   0   0
9   372   9   0   0   0   0   0   0   0   0
3   124   3   0   0   0   0   0   0   0   0
6   248   6   0   0   0   0   0   0   0   0
6   248   6   0   0   0   0   0   0   0   0
6   248   6   0   0   0   0   0   0   0   0
3   124   3   0   0   0   0   0   0   0   0
3   124   3   0   0   0   0   0   0   0   0
6   248   6   0   0   0   0   0   0   0   0
3   124   3   0   0   0   0   0   0   0   0
3   124   3   0   0   0   0   0   0   0   0
9   372   9   0   0   0   0   0   0   0   0
3   124   3   0   0   0   0   0   0   0   0
3   124   3   0   0   0   0   0   0   0   0
6   248   6   0   0   0   0   0   0   0   0
6   248   6   0   0   0   0   0   0   0   0
6   248   6   0   0   0   0   0   0   0   0
6   248   6   0   0   0   0   0   0   0   0
9   372   9   0   0   0   0   0   0   0   0
9   372   9   0   0   0   0   0   0   0   0
6   248   6   0   0   0   0   0   0   0   0
6   248   6   0   0   0   0   0   0   0   0
3   124   3   0   0   0   0   0   0   0   0
3   124   3   0   0   0   0   0   0   0   0
3   124   3   0   0   0   0   0   0   0   0
6   248   6   0   0   0   0   0   0   0   0
3   124   3   0   0   0   0   0   0   0   0
9   372   9   0   0   0   0   0   0   0   0
6   248   6   0   0   0   0   0   0   0   0
9   372   9   0   0   0   0   0   0   0   0
3   124   3   0   0   0   0   0   0   0   0
3   124   3   0   0   0   0   0   0   0   0
9   372   9   0   0   0   0   0   0   0   0
3   124   3   0   0   0   0   0   0   0   0
3   124   3   0   0   0   0   0   0   0   0
9   372   9   0   0   0   0   0   0   0   0
9   372   9   0   0   0   0   0   0   0   0
6   248   6   0   0   0   0   0   0   0   0
3   124   3   0   0   0   0   0   0   0   0
6   248   6   0   0   0   0   0   0   0   0
6   248   6   0   0   0   0   0   0   0   0
6   248   6   0   0   0   0   0   0   0   0
3   124   3   0   0   0   0   0   0   0   0
6   248   6   0   0   0   0   0   0   0   0
6   248   6   0   0   0   0   0   0   0   0
3   124   3   0   0   0   0   0   0   0   0
6   248   6   0   0   0   0   0   0   0   0
6   248   6   0   0   0   0   0   0   0   0
6   248   6   0   0   0   0   0   0   0   0
3   124   3   0   0   0   0   0   0   0   0
6   248   6   0   0   0   0   0   0   0   0
9   372   9   0   0   0   0   0   0   0   0
3   124   3   0   0   0   0   0   0   0   0
9   372   9   0   0   0   0   0   0   0   0
3   124   3   0   0   0   0   0   0   0   0
6   248   6   0   0   0   0   0   0   0   0
3   124   3   0   0   0   0   0   0   0   0
3   124   3   0   0   0   0   0   0   0   0
3   124   3   0   0   0   0   0   0   0   0
9   372   9   0   0   0   0   0   0   0   0
6   248   6   0   0   0   0   0   0   0   0
6   248   6   0   0   0   0   0   0   0   0
3   124   3   0   0   0   0   0   0   0   0
3   124   3   0   0   0   0   0   0   0   0
15   620   15   0   0   0   0   0   0   0   0
3   124   3   0   0   0   0   0   0   0   0
3   124   3   0   0   0   0   0   0   0   0
3   124   3   0   0   0   0   0   0   0   0
3   124   3   0   0   0   0   0   0   0   0
3   124   3   0   0   0   0   0   0   0   0
12   496   12   0   0   0   0   0   0   0   0
9   372   9   0   0   0   0   0   0   0   0
9   372   9   0   0   0   0   0   0   0   0
3   124   3   0   0   0   0   0   0   0   0
3   124   3   0   0   0   0   0   0   0   0
3   124   3   0   0   0   0   0   0   0   0
3   124   3   0   0   0   0   0   0   0   0
3   124   3   0   0   0   0   0   0   0   0
6   248   6   0   0   0   0   0   0   0   0
3   124   3   0   0   0   0   0   0   0   0
9   372   9   0   0   0   0   0   0   0   0
3   124   3   0   0   0   0   0   0   0   0
3   124   3   0   0   0   0   0   0   0   0
6   248   6   0   0   0   0   0   0   0   0
6   248   6   0   0   0   0   0   0   0   0
3   124   3   0   0   0   0   0   0   0   0
6   248   6   0   0   0   0   0   0   0   0
3   124   3   0   0   0   0   0   0   0   0
3   124   3   0   0   0   0   0   0   0   0
6   248   6   0   0   0   0   0   0   0   0
6   248   6   0   0   0   0   0   0   0   0
9   372   9   0   0   0   0   0   0   0   0
6   248   6   0   0   0   0   0   0   0   0
6   248   6   0   0   0   0   0   0   0   0
3   124   3   0   0   0   0   0   0   0   0
6   248   6   0   0   0   0   0   0   0   0
6   248   6   0   0   0   0   0   0   0   0
6   248   6   0   0   0   0   0   0   0   0
3   124   3   0   0   0   0   0   0   0   0
3   124   3   0   0   0   0   0   0   0   0
3   124   3   0   0   0   0   0   0   0   0
3   124   3   0   0   0   0   0   0   0   0
9   372   9   0   0   0   0   0   0   0   0
3   124   3   0   0   0   0   0   0   0   0
9   372   9   0   0   0   0   0   0   0   0
6   248   6   0   0   0   0   0   0   0   0
6   248   6   0   0   0   0   0   0   0   0
9   372   9   0   0   0   0   0   0   0   0
3   124   3   0   0   0   0   0   0   0   0
9   372   9   0   0   0   0   0   0   0   0
6   248   6   0   0   0   0   0   0   0   0
3   124   3   0   0   0   0   0   0   0   0
6   248   6   0   0   0   0   0   0   0   0
3   124   3   0   0   0   0   0   0   0   0
6   248   6   0   0   0   0   0   0   0   0
3   124   3   0   0   0   0   0   0   0   0
3   124   3   0   0   0   0   0   0   0   0
12   496   12   0   0   0   0   0   0   0   0
6   248   6   0   0   0   0   0   0   0   0
3   124   3   0   0   0   0   0   0   0   0
6   248   6   0   0   0   0   0   0   0   0
12   496   12   0   0   0   0   0   0   0   0
6   248   6   0   0   0   0   0   0   0   0
0   0   0   0   0   0   0   0   0   0   0
9   372   9   0   0   0   0   0   0   0   0
6   248   6   0   0   0   0   0   0   0   0
6   248   6   0   0   0   0   0   0   0   0
3   124   3   0   0   0   0   0   0   0   0
6   248   6   0   0   0   0   0   0   0   0
3   124   3   0   0   0   0   0   0   0   0
6   248   6   0   0   0   0   0   0   0   0
6   248   6   0   0   0   0   0   0   0   0
12   496   12   0   0   0   0   0   0   0   0
3   124   3   0   0   0   0   0   0   0   0
3   124   3   0   0   0   0   0   0   0   0
9   372   9   0   0   0   0   0   0   0   0
6   248   6   0   0   0   0   0   0   0   0
6   248   6   0   0   0   0   0   0   0   0
6   248   6   0   0   0   0   0   0   0   0
3   124   3   0   0   0   0   0   0   0   0
12   496   12   0   0   0   0   0   0   0   0
3   124   3   0   0   0   0   0   0   0   0
6   248   6   0   0   0   0   0   0   0   0
6   248   6   0   0   0   0   0   0   0   0
3   124   3   0   0   0   0   0   0   0   0
6   248   6   0   0   0   0   0   0   0   0
9   372   9   0   0   0   0   0   0   0   0
3   124   3   0   0   0   0   0   0   0   0
9   372   9   0   0   0   0   0   0   0   0
6   248   6   0   0   0   0   0   0   0   0
3   124   3   0   0   0   0   0   0   0   0
6   248   6   0   0   0   0   0   0   0   0
9   372   9   0   0   0   0   0   0   0   0
9   372   9   0   0   0   0   0   0   0   0
6   248   6   0   0   0   0   0   0   0   0
3   124   3   0   0   0   0   0   0   0   0
6   248   6   0   0   0   0   0   0   0   0
6   248   6   0   0   0   0   0   0   0   0
3   124   3   0   0   0   0   0   0   0   0
9   372   9   0   0   0   0   0   0   0   0
3   124   3   0   0   0   0   0   0   0   0
3   124   3   0   0   0   0   0   0   0   0
9   372   9   0   0   0   0   0   0   0   0
3   124   3   0   0   0   0   0   0   0   0
6   248   6   0   0   0   0   0   0   0   0
3   124   3   0   0   0   0   0   0   0   0
6   248   6   0   0   0   0   0   0   0   0
9   372   9   0   0   0   0   0   0   0   0
3   124   3   0   0   0   0   0   0   0   0
6   248   6   0   0   0   0   0   0   0   0
9   372   9   0   0   0   0   0   0   0   0
3   124   3   0   0   0   0   0   0   0   0
6   248   6   0   0   0   0   0   0   0   0
6   248   6   0   0   0   0   0   0   0   0
3   124   3   0   0   0   0   0   0   0   0
6   248   6   0   0   0   0   0   0   0   0
3   124   3   0   0   0   0   0   0   0   0
3   124   3   0   0   0   0   0   0   0   0
9   372   9   0   0   0   0   0   0   0   0
6   248   6   0   0   0   0   0   0   0   0
3   124   3   0   0   0   0   0   0   0   0
6   248   6   0   0   0   0   0   0   0   0
9   372   9   0   0   0   0   0   0   0   0
3   124   3   0   0   0   0   0   0   0   0
6   248   6   0   0   0   0   0   0   0   0
6   248   6   0   0   0   0   0   0   0   0
12   496   12   0   0   0   0   0   0   0   0
3   124   3   0   0   0   0   0   0   0   0
3   124   3   0   0   0   0   0   0   0   0
6   248   6   0   0   0   0   0   0   0   0
6   248   6   0   0   0   0   0   0   0   0
3   124   3   0   0   0   0   0   0   0   0
6   248   6   0   0   0   0   0   0   0   0
3   124   3   0   0   0   0   0   0   0   0
9   372   9   0   0   0   0   0   0   0   0
6   248   6   0   0   0   0   0   0   0   0
6   248   6   0   0   0   0   0   0   0   0
6   248   6   0   0   0   0   0   0   0   0
3   124   3   0   0   0   0   0   0   0   0
9   372   9   0   0   0   0   0   0   0   0
3   124   3   0   0   0   0   0   0   0   0
6   248   6   0   0   0   0   0   0   0   0
12   496   12   0   0   0   0   0   0   0   0
3   124   3   0   0   0   0   0   0   0   0
9   372   9   0   0   0   0   0   0   0   0
3   124   3   0   0   0   0   0   0   0   0
6   248   6   0   0   0   0   0   0   0   0
9   372   9   0   0   0   0   0   0   0   0
6   248   6   0   0   0   0   0   0   0   0
6   248   6   0   0   0   0   0   0   0   0
6   248   6   0   0   0   0   0   0   0   0
6   248   6   0   0   0   0   0   0   0   0
3   124   3   0   0   0   0   0   0   0   0
9   372   9   0   0   0   0   0   0   0   0
6   248   6   0   0   0   0   0   0   0   0
6   248   6   0   0   0   0   0   0   0   0
6   248   6   0   0   0   0   0   0   0   0
6   248   6   0   0   0   0   0   0   0   0
9   372   9   0   0   0   0   0   0   0   0
6   248   6   0   0   0   0   0   0   0   0
6   248   6   0   0   0   0   0   0   0   0
6   248   6   0   0   0   0   0   0   0   0
15   620   15   0   0   0   0   0   0   0   0
3   124   3   0   0   0   0   0   0   0   0
6   248   6   0   0   0   0   0   0   0   0
9   372   9   0   0   0   0   0   0   0   0
3   124   3   0   0   0   0   0   0   0   0
9   372   9   0   0   0   0   0   0   0   0
6   248   6   0   0   0   0   0   0   0   0
9   372   9   0   0   0   0   0   0   0   0
3   124   3   0   0   0   0   0   0   0   0
3   124   3   0   0   0   0   0   0   0   0
9   372   9   0   0   0   0   0   0   0   0
6   248   6   0   0   0   0   0   0   0   0
12   496   12   0   0   0   0   0   0   0   0
9   372   9   0   0   0   0   0   0   0   0
3   124   3   0   0   0   0   0   0   0   0
12   496   12   0   0   0   0   0   0   0   0
6   248   6   0   0   0   0   0   0   0   0
6   248   6   0   0   0   0   0   0   0   0
3   124   3   0   0   0   0   0   0   0   0
9   372   9   0   0   0   0   0   0   0   0
3   124   3   0   0   0   0   0   0   0   0
9   372   9   0   0   0   0   0   0   0   0
3   124   3   0   0   0   0   0   0   0   0
6   248   6   0   0   0   0   0   0   0   0
6   248   6   0   0   0   0   0   0   0   0
6   248   6   0   0   0   0   0   0   0   0
6   248   6   0   0   0   0   0   0   0   0
3   124   3   0   0   0   0   0   0   0   0
6   248   6   0   0   0   0   0   0   0   0
3   124   3   0   0   0   0   0   0   0   0
6   248   6   0   0   0   0   0   0   0   0
6   248   6   0   0   0   0   0   0   0   0
6   248   6   0   0   0   0   0   0   0   0
3   124   3   0   0   0   0   0   0   0   0
3   124   3   0   0   0   0   0   0   0   0
12   496   12   0   0   0   0   0   0   0   0
9   372   9   0   0   0   0   0   0   0   0
3   124   3   0   0   0   0   0   0   0   0
6   248   6   0   0   0   0   0   0   0   0
6   248   6   0   0   0   0   0   0   0   0
3   124   3   0   0   0   0   0   0   0   0
6   248   6   0   0   0   0   0   0   0   0
6   248   6   0   0   0   0   0   0   0   0
3   124   3   0   0   0   0   0   0   0   0
3   124   3   0   0   0   0   0   0   0   0
3   124   3   0   0   0   0   0   0   0   0
3   124   3   0   0   0   0   0   0   0   0
9   372   9   0   0   0   0   0   0   0   0
6   248   6   0   0   0   0   0   0   0   0
6   248   6   0   0   0   0   0   0   0   0
6   248   6   0   0   0   0   0   0   0   0
6   248   6   0   0   0   0   0   0   0   0
6   248   6   0   0   0   0   0   0   0   0
3   124   3   0   0   0   0   0   0   0   0
3   124   3   0   0   0   0   0   0   0   0
3   124   3   0   0   0   0   0   0   0   0
3   124   3   0   0   0   0   0   0   0   0
6   248   6   0   0   0   0   0   0   0   0
6   248   6   0   0   0   0   0   0   0   0
12   496   12   0   0   0   0   0   0   0   0
6   248   6   0   0   0   0   0   0   0   0
3   124   3   0   0   0   0   0   0   0   0
3   124   3   0   0   0   0   0   0   0   0
6   248   6   0   0   0   0   0   0   0   0
9   372   9   0   0   0   0   0   0   0   0
3   124   3   0   0   0   0   0   0   0   0
3   124   3   0   0   0   0   0   0   0   0
6   248   6   0   0   0   0   0   0   0   0
3   124   3   0   0   0   0   0   0   0   0
6   248   6   0   0   0   0   0   0   0   0
6   248   6   0   0   0   0   0   0   0   0
6   248   6   0   0   0   0   0   0   0   0
6   248   6   0   0   0   0   0   0   0   0
3   124   3   0   0   0   0   0   0   0   0
6   248   6   0   0   0   0   0   0   0   0
3   124   3   0   0   0   0   0   0   0   0
3   124   3   0   0   0   0   0   0   0   0
3   124   3   0   0   0   0   0   0   0   0
3   124   3   0   0   0   0   0   0   0   0
9   372   9   0   0   0   0   0   0   0   0
3   124   3   0   0   0   0   0   0   0   0
6   248   6   0   0   0   0   0   0   0   0
3   124   3   0   0   0   0   0   0   0   0
3   124   3   0   0   0   0   0   0   0   0
6   248   6   0   0   0   0   0   0   0   0
6   248   6   0   0   0   0   0   0   0   0
3   124   3   0   0   0   0   0   0   0   0
6   248   6   0   0   0   0   0   0   0   0
6   248   6   0   0   0   0   0   0   0   0
12   496   12   0   0   0   0   0   0   0   0
6   248   6   0   0   0   0   0   0   0   0
3   124   3   0   0   0   0   0   0   0   0
3   124   3   0   0   0   0   0   0   0   0
6   248   6   0   0   0   0   0   0   0   0
3   124   3   0   0   0   0   0   0   0   0
9   372   9   0   0   0   0   0   0   0   0
6   248   6   0   0   0   0   0   0   0   0
3   124   3   0   0   0   0   0   0   0   0
3   124   3   0   0   0   0   0   0   0   0
3   124   3   0   0   0   0   0   0   0   0
6   248   6   0   0   0   0   0   0   0   0
