31   2046   29   2   0   2   0   0   2   1   0
38   13818   38   0   0   34   0   0   34   0   0
5   2808   0   5   0   4   0   0   4   2   0
406   353830   135   271   0   0   0   0   0   5   0
109   33636   39   70   0   0   0   0   0   2   0
13   8885   0   13   0   1   0   0   1   0   0
2   80   2   0   0   0   0   0   0   0   0
2   80   2   0   0   0   0   0   0   0   0
0   0   0   0   0   0   0   0   0   0   0
0   0   0   0   0   1   0   0   1   0   0
0   0   0   0   0   0   0   0   0   0   0
5   1218   2   3   0   12   0   0   12   0   0
2   425   2   0   0   31   0   0   31   0   0
7   1131   0   7   0   49   0   0   49   0   0
1232   1305484   13   1219   0   7   0   0   7   1   0
441   230587   253   188   0   8   0   0   8   3   0
615   803619   168   447   0   7   0   0   6   0   0
59   20762   42   17   0   34   1   0   33   2   0
503   552309   2   501   0   3   0   0   3   1   0
805   765963   37   768   0   21   0   0   21   0   0
503   435172   50   450   3   23   2   0   18   0   0
85   28840   42   43   0   7   0   0   7   0   0
373   203649   89   284   0   14   0   0   13   0   0
535   490976   49   486   0   11   0   0   11   0   0
79   57064   14   65   0   40   0   0   40   0   0
306   115653   190   116   0   33   0   0   32   0   0
258   221596   6   252   0   9   0   0   9   0   0
334   145764   10   324   0   15   0   0   15   0   0
80   43277   10   70   0   23   0   0   20   0   0
486   499572   18   468   0   14   0   0   13   0   0
248   128445   93   155   0   32   0   0   32   0   0
150   124232   6   144   0   6   0   0   5   0   0
591   491457   6   585   0   3   0   0   3   0   0
207   96364   98   109   0   2   0   0   1   0   0
12   6747   4   8   0   8   0   0   6   0   0
64   30443   25   39   0   2   0   0   1   0   0
57   35165   20   37   0   9   0   0   9   0   0
87   61998   14   73   0   7   0   0   7   0   0
120   84328   13   107   0   2   0   0   2   0   0
109   45556   68   41   0   4   0   0   3   0   0
126   63625   42   84   0   1   0   0   1   0   0
87   76428   6   81   0   0   0   0   0   0   0
33   32552   16   17   0   0   0   0   0   0   0
17   7855   17   0   0   1   0   0   1   0   0
6   1065   6   0   0   19   0   0   18   0   0
6   913   6   0   0   6   0   0   4   0   0
83   39377   10   73   0   0   0   0   0   0   0
120   66345   6   114   0   0   0   0   0   0   0
76   44567   24   52   0   0   0   0   0   0   0
10   2053   10   0   0   0   0   0   0   0   0
4   160   4   0   0   0   0   0   0   0   0
6   1817   6   0   0   0   0   0   0   0   0
8   1416   8   0   0   0   0   0   0   0   0
6   1491   6   0   0   8   0   0   8   0   0
12   3372   12   0   0   0   0   0   0   0   0
85   55420   8   77   0   0   0   0   0   0   0
5   544   5   0   0   0   0   0   0   0   0
1   40   1   0   0   0   0   0   0   0   0
2   109   2   0   0   0   0   0   0   0   0
6   297   6   0   0   0   0   0   0   0   0
3   148   3   0   0   0   0   0   0   0   0
12   2152   12   0   0   0   0   0   0   0   0
0   0   0   0   0   0   0   0   0   0   0
0   0   0   0   0   0   0   0   0   0   0
0   0   0   0   0   0   0   0   0   0   0
34   17795   30   4   0   0   0   0   0   2   0
0   0   0   0   0   24   0   0   20   0   0
3   140   3   0   0   20   0   0   20   0   0
350   1323829   220   130   0   25   0   0   9   0   0
490   460852   186   304   0   5   0   0   4   2   0
408   1227700   276   132   0   1   0   0   1   0   0
85   89055   13   72   0   1   0   0   1   0   0
9   2690   0   9   0   0   0   0   0   0   0
11   2834   2   9   0   0   0   0   0   0   0
0   0   0   0   0   1   0   0   1   0   0
0   0   0   0   0   1   0   0   1   0   0
10   4205   0   10   0   0   0   0   0   0   0
3   2222   0   3   0   0   0   0   0   0   0
8   1076   0   8   0   0   0   0   0   0   0
16   1401   16   0   0   2   0   0   2   0   0
8   1279   8   0   0   21   0   0   21   0   0
153   51654   81   72   0   66   0   0   66   11   0
25   17547   21   4   0   9   0   0   9   2   0
219   345633   117   102   0   9   0   1   9   2   0
57   30718   37   20   0   21   0   1   18   1   0
426   324411   81   345   0   20   0   1   20   7   0
699   561083   121   578   0   21   0   1   21   3   0
79   34945   40   39   0   16   0   1   15   1   0
21   29282   15   6   0   14   0   1   13   0   0
60   32238   13   47   0   1   0   0   1   0   0
142   43118   38   104   0   0   0   0   0   3   0
30   4075   20   10   0   0   0   0   0   2   0
0   0   0   0   0   0   0   0   0   0   0
0   0   0   0   0   0   0   0   0   0   0
12   9650   12   0   0   0   0   0   0   0   0
4   232   2   2   0   0   0   0   0   0   0
0   0   0   0   0   0   0   0   0   0   0
4   160   4   0   0   0   0   0   0   0   0
0   0   0   0   0   2   0   1   2   0   0
0   0   0   0   0   0   0   0   0   0   0
16   4680   9   7   0   1   0   1   1   0   0
1   54   0   1   0   87   0   1   87   0   0
6   2954   6   0   0   10   0   1   10   0   0
18   37491   18   0   0   11   0   1   10   0   0
12   4661   10   2   0   14   0   1   13   0   0
22   4979   8   14   0   13   0   1   13   0   0
81   35842   13   68   0   1   0   0   1   0   0
53   18552   42   11   0   0   0   0   0   1   0
98   32847   47   51   0   0   0   0   0   0   0
1   200   0   1   0   0   0   0   0   0   0
1   200   0   1   0   0   0   0   0   0   0
13   10231   12   1   0   0   0   0   0   0   0
6   463   5   1   0   0   0   0   0   0   0
0   0   0   0   0   0   0   0   0   0   0
2   80   2   0   0   1   0   1   1   0   0
2   80   2   0   0   0   0   0   0   0   0
14   8514   7   7   0   0   0   0   0   0   0
24   9929   0   24   0   0   0   0   0   0   0
2   80   2   0   0   41   0   1   41   0   0
0   0   0   0   0   21   0   1   19   0   0
38   41048   30   8   0   19   0   1   18   0   0
64   37329   28   36   0   7   0   0   7   0   0
77   18039   22   55   0   1   0   0   1   0   0
61   14148   15   46   0   0   0   0   0   0   0
7   2477   0   7   0   0   0   0   0   0   0
0   0   0   0   0   0   0   0   0   0   0
18   9758   18   0   0   1   0   1   1   0   0
0   0   0   0   0   0   0   0   0   0   0
8   3378   8   0   0   0   0   0   0   0   0
0   0   0   0   0   38   0   1   38   0   0
4   160   4   0   0   20   0   1   18   0   0
30   32896   30   0   0   12   0   0   11   0   0
82   34362   45   37   0   7   0   0   7   0   0
31   8520   4   27   0   1   0   0   1   0   0
40   9365   9   31   0   1   0   1   1   0   0
48   10478   10   38   0   0   0   0   0   0   0
21   9263   21   0   0   0   0   0   0   0   0
6   3763   6   0   0   0   0   0   0   0   0
0   0   0   0   0   0   0   0   0   0   0
0   0   0   0   0   35   0   1   35   0   0
0   0   0   0   0   23   0   1   22   0   0
51   54605   51   0   0   18   0   1   17   0   0
59   71669   48   11   0   5   0   0   4   0   0
61   32146   12   49   0   7   0   0   7   0   0
24   6365   4   20   0   0   0   0   0   0   0
61   13968   19   42   0   0   0   0   0   0   0
6   1382   0   6   0   0   0   0   0   0   0
20   9341   20   0   0   0   0   0   0   0   0
0   0   0   0   0   1   0   1   1   0   0
0   0   0   0   0   0   0   0   0   0   0
69   15263   51   18   0   0   0   0   0   0   0
2   80   2   0   0   30   0   1   30   0   0
0   0   0   0   0   25   0   1   25   0   0
20   32859   18   2   0   22   0   1   21   0   0
85   88277   78   7   0   6   0   0   5   0   0
67   35243   24   43   0   10   0   0   10   2   0
55   11852   2   53   0   0   0   0   0   0   0
83   20847   15   68   0   0   0   0   0   1   0
28   9003   7   21   0   0   0   0   0   0   0
4   567   4   0   0   0   0   0   0   0   0
0   0   0   0   0   0   0   0   0   0   0
6   240   6   0   0   0   0   0   0   0   0
0   0   0   0   0   0   0   0   0   0   0
2   80   2   0   0   0   0   0   0   0   0
0   0   0   0   0   0   0   0   0   0   0
0   0   0   0   0   0   0   0   0   0   0
0   0   0   0   0   0   0   0   0   0   0
0   0   0   0   0   0   0   0   0   0   0
2   80   2   0   0   0   0   0   0   0   0
0   0   0   0   0   0   0   0   0   0   0
0   0   0   0   0   0   0   0   0   0   0
0   0   0   0   0   0   0   0   0   0   0
0   0   0   0   0   0   0   0   0   0   0
2   80   2   0   0   0   0   0   0   0   0
0   0   0   0   0   0   0   0   0   0   0
2   80   2   0   0   0   0   0   0   0   0
10   1214   10   0   0   0   0   0   0   0   0
10   1922   10   0   0   0   0   0   0   0   0
0   0   0   0   0   0   0   0   0   0   0
0   0   0   0   0   0   0   0   0   0   0
22   4725   22   0   0   1   0   0   1   0   0
6   240   6   0   0   16   0   0   16   0   0
34   12731   30   4   0   0   0   0   0   2   0
54   75193   54   0   0   35   0   0   35   0   0
168   977054   168   0   0   0   0   0   0   0   0
92   134994   91   1   0   10   0   0   10   1   0
34   47876   32   2   0   0   0   0   0   2   0
506   1511709   503   3   0   28   0   0   21   0   0
1028   6146050   1028   0   0   9   0   0   8   0   0
275   1233257   274   1   0   2   0   0   2   1   0
481   1687943   476   5   0   21   0   0   15   2   0
253   1108419   247   6   0   31   0   0   28   3   0
278   1077084   272   6   0   10   0   0   9   0   0
643   2621267   573   70   0   3   0   0   3   5   0
400   1438562   265   135   0   7   0   0   7   3   0
55   171739   55   0   0   3   0   0   3   0   0
51   220985   50   1   0   3   0   0   3   1   0
38   31754   35   3   0   1   0   0   1   1   0
32   117035   32   0   0   1   0   0   1   0   0
30   51870   30   0   0   1   0   0   1   0   0
14   5024   14   0   0   3   0   0   1   0   0
10   33112   10   0   0   1   0   0   1   0   0
13   6193   13   0   0   0   0   0   0   0   0
19   14723   19   0   0   0   0   0   0   0   0
2   400   2   0   0   1   0   0   1   0   0
0   0   0   0   0   0   0   0   0   0   0
0   0   0   0   0   0   0   0   0   0   0
15   11078   15   0   0   1   0   0   1   0   0
2   80   2   0   0   1   0   0   1   0   0
7   5143   7   0   0   0   0   0   0   0   0
4   531   4   0   0   1   0   0   1   0   0
12   7288   12   0   0   0   0   0   0   0   0
7   2576   7   0   0   0   0   0   0   0   0
2   416   2   0   0   0   0   0   0   0   0
2   80   2   0   0   0   0   0   0   0   0
5   277   5   0   0   0   0   0   0   0   0
0   0   0   0   0   0   0   0   0   0   0
0   0   0   0   0   0   0   0   0   0   0
0   0   0   0   0   0   0   0   0   0   0
0   0   0   0   0   1   0   0   1   0   0
2   80   2   0   0   0   0   0   0   0   0
5   2507   5   0   0   0   0   0   0   0   0
6   644   6   0   0   0   0   0   0   0   0
0   0   0   0   0   1   0   0   1   0   0
0   0   0   0   0   0   0   0   0   0   0
11   3139   11   0   0   0   0   0   0   0   0
6   240   6   0   0   0   0   0   0   0   0
0   0   0   0   0   0   0   0   0   0   0
0   0   0   0   0   1   0   0   1   0   0
1   200   0   1   0   7   0   0   7   0   0
9   7010   8   1   0   14   0   0   12   0   0
7   950   6   1   0   3   0   0   3   0   0
139   509599   138   1   0   14   0   0   11   0   0
149   414040   147   2   0   10   0   0   10   1   0
77   28721   73   4   0   1   0   0   1   2   0
179   634988   179   0   0   2   0   0   2   0   0
34   166053   34   0   0   0   0   0   0   0   0
10   31910   10   0   0   10   0   0   10   0   0
10   27180   10   0   0   4   0   0   4   0   0
122   338068   122   0   0   7   0   0   7   0   0
113   607565   112   1   0   3   0   0   3   1   0
98   259133   97   1   0   5   0   0   5   0   0
42   121806   42   0   0   0   0   0   0   0   0
32   130054   32   0   0   2   0   0   2   0   0
14   63086   14   0   0   2   0   0   2   0   0
12   29323   12   0   0   3   0   0   3   0   0
2   226   2   0   0   0   0   0   0   0   0
18   38189   18   0   0   2   0   0   2   0   0
15   23386   15   0   0   0   0   0   0   0   0
3   291   3   0   0   0   0   0   0   0   0
10   35671   10   0   0   0   0   0   0   0   0
0   0   0   0   0   0   0   0   0   0   0
2   125   2   0   0   0   0   0   0   0   0
2   382   2   0   0   0   0   0   0   0   0
0   0   0   0   0   1   0   0   1   0   0
2   382   2   0   0   11   0   0   11   0   0
0   0   0   0   0   1   0   0   1   0   0
37   27480   32   5   0   1   0   0   1   1   0
27   12105   14   13   0   0   0   0   0   0   0
8   5111   8   0   0   15   0   0   9   0   0
8   1018   8   0   0   1   0   0   1   0   0
318   2263128   318   0   0   1   0   0   1   0   0
307   2059319   307   0   0   0   0   0   0   0   0
8   4706   8   0   0   1   0   0   1   0   0
2   448   2   0   0   1   0   0   1   0   0
15   3304   15   0   0   0   0   0   0   0   0
7   2621   7   0   0   1   0   0   1   0   0
4   475   4   0   0   0   0   0   0   0   0
9   3109   9   0   0   0   0   0   0   0   0
0   0   0   0   0   0   0   0   0   0   0
0   0   0   0   0   0   0   0   0   0   0
0   0   0   0   0   0   0   0   0   0   0
17   870   17   0   0   2   0   0   2   0   0
0   0   0   0   0   0   0   0   0   0   0
0   0   0   0   0   3   0   0   3   0   0
52   181297   52   0   0   2   0   0   2   0   0
366   2950090   366   0   0   0   0   0   0   0   0
79   481480   79   0   0   0   0   0   0   0   0
11   2968   11   0   0   0   0   0   0   0   0
0   0   0   0   0   2   0   0   1   0   0
0   0   0   0   0   1   0   0   1   0   0
14   4085   14   0   0   0   0   0   0   0   0
27   16939   27   0   0   1   0   0   1   0   0
9   867   9   0   0   0   0   0   0   0   0
17   3726   17   0   0   0   0   0   0   0   0
0   0   0   0   0   0   0   0   0   0   0
2   80   2   0   0   0   0   0   0   0   0
2   80   2   0   0   0   0   0   0   0   0
2   80   2   0   0   0   0   0   0   0   0
2   80   2   0   0   0   0   0   0   0   0
4   160   4   0   0   1   0   0   1   0   0
0   0   0   0   0   0   0   0   0   0   0
12   7424   12   0   0   1   0   0   1   0   0
4   510   4   0   0   0   0   0   0   0   0
8   6829   8   0   0   0   0   0   0   0   0
4   515   4   0   0   0   0   0   0   0   0
0   0   0   0   0   0   0   0   0   0   0
0   0   0   0   0   0   0   0   0   0   0
0   0   0   0   0   0   0   0   0   0   0
0   0   0   0   0   0   0   0   0   0   0
0   0   0   0   0   0   0   0   0   0   0
1   40   1   0   0   0   0   0   0   0   0
0   0   0   0   0   0   0   0   0   0   0
0   0   0   0   0   0   0   0   0   0   0
2   80   2   0   0   0   0   0   0   0   0
0   0   0   0   0   0   0   0   0   0   0
0   0   0   0   0   0   0   0   0   0   0
0   0   0   0   0   1   0   0   1   0   0
0   0   0   0   0   0   0   0   0   0   0
7   3205   7   0   0   2   0   0   2   0   0
4   499   4   0   0   12   0   0   6   0   0
0   0   0   0   0   1   0   0   1   0   0
468   2896320   468   0   0   1   0   0   1   0   0
133   876509   133   0   0   0   0   0   0   0   0
14   11312   14   0   0   1   0   0   1   0   0
2   442   2   0   0   0   0   0   0   0   0
8   6831   8   0   0   0   0   0   0   0   0
8   355   8   0   0   0   0   0   0   0   0
2   567   2   0   0   1   0   0   1   0   0
0   0   0   0   0   0   0   0   0   0   0
5   2625   5   0   0   0   0   0   0   0   0
6   591   6   0   0   0   0   0   0   0   0
0   0   0   0   0   0   0   0   0   0   0
4   160   4   0   0   0   0   0   0   0   0
0   0   0   0   0   0   0   0   0   0   0
0   0   0   0   0   1   0   0   1   0   0
0   0   0   0   0   1   0   0   1   0   0
15   2353   15   0   0   0   0   0   0   0   0
12   7724   12   0   0   0   0   0   0   0   0
8   320   8   0   0   0   0   0   0   0   0
0   0   0   0   0   0   0   0   0   0   0
2   80   2   0   0   0   0   0   0   0   0
0   0   0   0   0   1   0   0   1   0   0
2   80   2   0   0   0   0   0   0   0   0
0   0   0   0   0   2   0   0   1   0   0
19   3598   19   0   0   1   0   0   1   0   0
6   3402   6   0   0   3   0   0   2   0   0
6   443   6   0   0   0   0   0   0   0   0
21   30655   21   0   0   1   0   0   1   0   0
16   12273   16   0   0   1   0   0   1   0   0
20   16535   20   0   0   0   0   0   0   0   0
12   5155   12   0   0   3   0   0   2   0   0
0   0   0   0   0   1   0   0   1   0   0
10   5137   10   0   0   0   0   0   0   0   0
12   5752   12   0   0   5   0   0   4   0   0
4   690   4   0   0   5   0   0   4   0   0
39   325175   39   0   0   1   0   0   1   0   0
76   179901   76   0   0   5   0   0   4   0   0
18   12264   18   0   0   1   0   0   1   0   0
21   13517   20   1   0   0   0   0   0   0   0
25   32389   24   1   0   4   0   0   3   0   0
2   276   0   2   0   1   0   0   1   0   0
9   2482   7   2   0   1   0   0   1   0   0
26   24745   26   0   0   0   0   0   0   0   0
2   395   2   0   0   0   0   0   0   0   0
13   5622   13   0   0   0   0   0   0   0   0
0   0   0   0   0   0   0   0   0   0   0
0   0   0   0   0   0   0   0   0   0   0
2   80   2   0   0   0   0   0   0   0   0
0   0   0   0   0   0   0   0   0   0   0
2   80   2   0   0   0   0   0   0   0   0
0   0   0   0   0   1   0   0   1   0   0
6   240   6   0   0   0   0   0   0   0   0
8   4903   8   0   0   1   0   0   1   0   0
4   709   4   0   0   0   0   0   0   0   0
7   2602   7   0   0   1   0   0   1   0   0
4   473   4   0   0   0   0   0   0   0   0
9   3003   9   0   0   0   0   0   0   0   0
4   160   4   0   0   0   0   0   0   0   0
0   0   0   0   0   0   0   0   0   0   0
0   0   0   0   0   0   0   0   0   0   0
0   0   0   0   0   0   0   0   0   0   0
2   80   2   0   0   0   0   0   0   0   0
0   0   0   0   0   0   0   0   0   0   0
11   517   11   0   0   0   0   0   0   0   0
0   0   0   0   0   0   0   0   0   0   0
2   80   2   0   0   1   0   0   1   0   0
1   68   0   1   0   0   0   0   0   0   0
10   6883   10   0   0   0   0   0   0   0   0
2   580   2   0   0   0   0   0   0   0   0
6   240   6   0   0   0   0   0   0   0   0
0   0   0   0   0   0   0   0   0   0   0
4   160   4   0   0   0   0   0   0   0   0
0   0   0   0   0   0   0   0   0   0   0
2   80   2   0   0   0   0   0   0   0   0
0   0   0   0   0   0   0   0   0   0   0
2   80   2   0   0   6   0   0   4   0   0
0   0   0   0   0   1   0   0   1   0   0
11   1362   9   2   0   8   0   0   5   1   0
65   97054   65   0   0   3   0   0   3   0   0
42   6647   42   0   0   5   0   0   5   0   0
28   75743   28   0   0   2   0   0   2   0   0
89   411572   89   0   0   4   0   0   4   0   0
27   30459   27   0   0   1   0   0   1   0   0
21   4973   21   0   0   1   0   0   1   0   0
20   3878   20   0   0   1   0   0   1   0   0
44   22773   42   2   0   0   0   0   0   1   0
18   3113   18   0   0   0   0   0   0   0   0
4   270   4   0   0   0   0   0   0   0   0
2   80   2   0   0   0   0   0   0   0   0
0   0   0   0   0   0   0   0   0   0   0
2   80   2   0   0   0   0   0   0   0   0
0   0   0   0   0   1   0   0   1   0   0
2   80   2   0   0   0   0   0   0   0   0
7   3092   7   0   0   0   0   0   0   0   0
4   496   4   0   0   0   0   0   0   0   0
0   0   0   0   0   0   0   0   0   0   0
6   240   6   0   0   0   0   0   0   0   0
0   0   0   0   0   0   0   0   0   0   0
0   0   0   0   0   0   0   0   0   0   0
0   0   0   0   0   0   0   0   0   0   0
2   80   2   0   0   0   0   0   0   0   0
2   125   2   0   0   0   0   0   0   0   0
2   80   2   0   0   0   0   0   0   0   0
0   0   0   0   0   0   0   0   0   0   0
0   0   0   0   0   0   0   0   0   0   0
0   0   0   0   0   0   0   0   0   0   0
2   80   2   0   0   1   0   0   1   0   0
0   0   0   0   0   0   0   0   0   0   0
15   3587   15   0   0   0   0   0   0   0   0
0   0   0   0   0   0   0   0   0   0   0
2   80   2   0   0   0   0   0   0   0   0
0   0   0   0   0   0   0   0   0   0   0
0   0   0   0   0   0   0   0   0   0   0
0   0   0   0   0   0   0   0   0   0   0
4   160   4   0   0   0   0   0   0   0   0
0   0   0   0   0   0   0   0   0   0   0
6   285   6   0   0   1   0   0   1   0   0
0   0   0   0   0   0   0   0   0   0   0
2   80   2   0   0   0   0   0   0   0   0
10   43817   10   0   0   0   0   0   0   0   0
0   0   0   0   0   0   0   0   0   0   0
0   0   0   0   0   0   0   0   0   0   0
4   223   4   0   0   0   0   0   0   0   0
2   153   2   0   0   0   0   0   0   0   0
2   80   2   0   0   0   0   0   0   0   0
0   0   0   0   0   0   0   0   0   0   0
2   80   2   0   0   0   0   0   0   0   0
0   0   0   0   0   0   0   0   0   0   0
2   80   2   0   0   0   0   0   0   0   0
6   296   6   0   0   0   0   0   0   0   0
0   0   0   0   0   0   0   0   0   0   0
6   285   6   0   0   1   0   0   1   0   0
0   0   0   0   0   1   0   0   1   0   0
4   160   4   0   0   0   0   0   0   0   0
0   0   0   0   0   0   0   0   0   0   0
2   80   2   0   0   0   0   0   0   0   0
0   0   0   0   0   0   0   0   0   0   0
2   80   2   0   0   0   0   0   0   0   0
0   0   0   0   0   0   0   0   0   0   0
2   80   2   0   0   0   0   0   0   0   0
0   0   0   0   0   0   0   0   0   0   0
6   240   6   0   0   0   0   0   0   0   0
0   0   0   0   0   1   0   0   1   0   0
0   0   0   0   0   2   0   0   2   0   0
4   370   4   0   0   0   0   0   0   0   0
28   82507   28   0   0   0   0   0   0   0   0
2   125   2   0   0   0   0   0   0   0   0
2   80   2   0   0   0   0   0   0   0   0
0   0   0   0   0   0   0   0   0   0   0
0   0   0   0   0   0   0   0   0   0   0
0   0   0   0   0   0   0   0   0   0   0
4   461   4   0   0   0   0   0   0   0   0
0   0   0   0   0   0   0   0   0   0   0
4   160   4   0   0   0   0   0   0   0   0
2   80   2   0   0   6   0   0   3   0   0
0   0   0   0   0   21   0   0   19   0   0
92   16726   85   7   0   11   0   0   11   4   0
62   59855   59   3   0   5   0   0   5   1   0
137   73686   22   115   0   0   0   0   0   5   0
70   21852   2   68   0   0   0   0   0   3   0
1   200   0   1   0   8   0   0   7   0   0
5   360   4   1   0   5   0   0   4   0   0
64   27037   54   10   0   11   0   0   11   5   0
102   53575   102   0   0   0   0   0   0   0   0
214   177350   30   184   0   0   0   0   0   1   0
3   1395   0   3   0   0   0   0   0   0   0
0   0   0   0   0   0   0   0   0   0   0
3   151   3   0   0   0   0   0   0   0   0
0   0   0   0   0   0   0   0   0   0   0
2   80   2   0   0   0   0   0   0   0   0
0   0   0   0   0   0   0   0   0   0   0
2   80   2   0   0   0   0   0   0   0   0
10   826   10   0   0   0   0   0   0   0   0
0   0   0   0   0   0   0   0   0   0   0
2   80   2   0   0   0   0   0   0   0   0
0   0   0   0   0   4   0   0   4   0   0
0   0   0   0   0   1   0   0   1   0   0
25   18382   25   0   0   28   0   0   26   0   0
62   46899   62   0   0   7   0   0   6   0   0
54   172524   53   1   0   8   0   0   7   0   0
38   50617   26   12   0   0   0   0   0   2   0
58   124443   58   0   0   0   0   0   0   0   0
4   1522   4   0   0   0   0   0   0   0   0
0   0   0   0   0   0   0   0   0   0   0
15   10304   15   0   0   0   0   0   0   0   0
0   0   0   0   0   0   0   0   0   0   0
8   382   8   0   0   0   0   0   0   0   0
4   191   4   0   0   0   0   0   0   0   0
0   0   0   0   0   0   0   0   0   0   0
0   0   0   0   0   0   0   0   0   0   0
0   0   0   0   0   0   0   0   0   0   0
0   0   0   0   0   0   0   0   0   0   0
2   80   2   0   0   0   0   0   0   0   0
0   0   0   0   0   0   0   0   0   0   0
0   0   0   0   0   0   0   0   0   0   0
0   0   0   0   0   0   0   0   0   0   0
0   0   0   0   0   0   0   0   0   0   0
0   0   0   0   0   0   0   0   0   0   0
4   160   4   0   0   0   0   0   0   0   0
0   0   0   0   0   1   0   0   1   0   0
2   80   2   0   0   28   0   0   26   0   0
22   16733   22   0   0   18   0   0   14   0   0
55   187246   46   9   0   0   0   0   0   0   0
16   5537   10   6   0   0   0   0   0   0   0
2   80   2   0   0   0   0   0   0   0   0
0   0   0   0   0   0   0   0   0   0   0
4   160   4   0   0   0   0   0   0   0   0
0   0   0   0   0   0   0   0   0   0   0
4   160   4   0   0   0   0   0   0   0   0
12   542   12   0   0   0   0   0   0   0   0
0   0   0   0   0   0   0   0   0   0   0
0   0   0   0   0   0   0   0   0   0   0
0   0   0   0   0   0   0   0   0   0   0
0   0   0   0   0   0   0   0   0   0   0
2   80   2   0   0   0   0   0   0   0   0
0   0   0   0   0   0   0   0   0   0   0
0   0   0   0   0   0   0   0   0   0   0
2   80   2   0   0   0   0   0   0   0   0
0   0   0   0   0   0   0   0   0   0   0
4   160   4   0   0   0   0   0   0   0   0
0   0   0   0   0   0   0   0   0   0   0
0   0   0   0   0   0   0   0   0   0   0
0   0   0   0   0   0   0   0   0   0   0
4   160   4   0   0   0   0   0   0   0   0
0   0   0   0   0   0   0   0   0   0   0
2   80   2   0   0   0   0   0   0   0   0
0   0   0   0   0   0   0   0   0   0   0
0   0   0   0   0   0   0   0   0   0   0
0   0   0   0   0   0   0   0   0   0   0
2   80   2   0   0   0   0   0   0   0   0
0   0   0   0   0   0   0   0   0   0   0
2   80   2   0   0   0   0   0   0   0   0
0   0   0   0   0   0   0   0   0   0   0
0   0   0   0   0   0   0   0   0   0   0
0   0   0   0   0   0   0   0   0   0   0
0   0   0   0   0   0   0   0   0   0   0
0   0   0   0   0   0   0   0   0   0   0
2   80   2   0   0   0   0   0   0   0   0
0   0   0   0   0   0   0   0   0   0   0
0   0   0   0   0   0   0   0   0   0   0
0   0   0   0   0   0   0   0   0   0   0
0   0   0   0   0   0   0   0   0   0   0
5   273   5   0   0   0   0   0   0   0   0
2   80   2   0   0   0   0   0   0   0   0
6   303   6   0   0   0   0   0   0   0   0
7   343   7   0   0   0   0   0   0   0   0
0   0   0   0   0   0   0   0   0   0   0
2   80   2   0   0   0   0   0   0   0   0
0   0   0   0   0   0   0   0   0   0   0
2   80   2   0   0   0   0   0   0   0   0
0   0   0   0   0   0   0   0   0   0   0
0   0   0   0   0   0   0   0   0   0   0
0   0   0   0   0   0   0   0   0   0   0
4   160   4   0   0   0   0   0   0   0   0
2   80   2   0   0   0   0   0   0   0   0
6   240   6   0   0   0   0   0   0   0   0
0   0   0   0   0   0   0   0   0   0   0
0   0   0   0   0   0   0   0   0   0   0
0   0   0   0   0   0   0   0   0   0   0
0   0   0   0   0   0   0   0   0   0   0
2   80   2   0   0   0   0   0   0   0   0
0   0   0   0   0   0   0   0   0   0   0
2   80   2   0   0   0   0   0   0   0   0
0   0   0   0   0   0   0   0   0   0   0
4   160   4   0   0   0   0   0   0   0   0
0   0   0   0   0   0   0   0   0   0   0
10   9261   10   0   0   0   0   0   0   0   0
0   0   0   0   0   0   0   0   0   0   0
6   648   6   0   0   0   0   0   0   0   0
0   0   0   0   0   1   0   0   1   0   0
2   80   2   0   0   0   0   0   0   0   0
15   1826   13   2   0   0   0   0   0   1   0
409   2441113   403   6   0   25   0   0   23   3   0
117   862325   117   0   0   11   0   0   10   0   0
3   140   3   0   0   10   0   0   9   0   0
16   5562   0   16   0   0   0   0   0   3   0
84   80629   40   44   0   1   0   0   1   0   0
72   80610   28   44   0   0   0   0   0   0   0
2   260   1   1   0   0   0   0   0   0   0
1   200   0   1   0   0   0   0   0   0   0
1   200   0   1   0   0   0   0   0   0   0
1   200   0   1   0   0   0   0   0   0   0
18   844   18   0   0   0   0   0   0   0   0
0   0   0   0   0   0   0   0   0   0   0
1   40   1   0   0   1   0   0   1   0   0
3   120   3   0   0   18   0   0   16   0   0
8   400   8   0   0   21   0   0   20   0   0
30   4470   30   0   0   0   0   0   0   0   0
70   193746   64   6   0   0   0   0   0   0   0
0   0   0   0   0   0   0   0   0   0   0
2   80   2   0   0   0   0   0   0   0   0
8   431   8   0   0   0   0   0   0   0   0
5   348   5   0   0   0   0   0   0   0   0
43   12623   39   4   0   0   0   0   0   2   0
2   80   2   0   0   0   0   0   0   0   0
0   0   0   0   0   0   0   0   0   0   0
0   0   0   0   0   0   0   0   0   0   0
2   152   0   2   0   0   0   0   0   0   0
2   80   2   0   0   0   0   0   0   0   0
0   0   0   0   0   0   0   0   0   0   0
0   0   0   0   0   0   0   0   0   0   0
10   1206   8   2   0   27   0   0   15   1   0
16   10091   16   0   0   4   0   0   3   0   0
125   70171   33   92   0   1   0   0   1   5   0
1532   1611213   22   1510   0   5   0   0   5   1   0
2   80   2   0   0   24   0   0   24   0   0
9   1156   0   9   0   15   0   0   11   0   0
472   406875   3   469   0   3   0   0   3   2   0
161   93184   14   147   0   7   0   0   7   0   0
458   508283   4   454   0   11   0   0   10   0   0
671   716630   0   671   0   0   0   0   0   0   0
204   121074   0   204   0   0   0   0   0   3   0
36   20619   0   36   0   0   0   0   0   0   0
137   132425   2   135   0   1   0   0   1   0   0
0   0   0   0   0   6   0   0   4   0   0
22   15184   12   10   0   0   0   0   0   0   0
59   25273   2   57   0   0   0   0   0   1   0
28   9481   21   7   0   0   0   0   0   0   0
0   0   0   0   0   0   0   0   0   0   0
7   343   7   0   0   0   0   0   0   0   0
0   0   0   0   0   0   0   0   0   0   0
0   0   0   0   0   0   0   0   0   0   0
0   0   0   0   0   0   0   0   0   0   0
0   0   0   0   0   0   0   0   0   0   0
0   0   0   0   0   0   0   0   0   0   0
0   0   0   0   0   1   0   0   1   0   0
0   0   0   0   0   1   0   0   1   0   0
8   3970   2   6   0   8   0   0   5   0   0
0   0   0   0   0   2   0   0   2   0   0
226   147527   52   174   0   0   0   0   0   2   0
47   8390   0   47   0   0   0   0   0   0   0
0   0   0   0   0   0   0   0   0   0   0
0   0   0   0   0   1   0   0   1   0   0
2   80   2   0   0   3   0   0   3   0   0
5   2346   0   5   0   5   0   0   5   0   0
36   6944   2   34   0   16   0   1   16   0   0
67   24699   15   52   0   1   0   0   1   1   0
86   50564   32   54   0   0   0   0   0   2   0
48   21936   7   41   0   1   0   0   1   0   0
62   46306   2   60   0   29   0   1   29   0   0
0   0   0   0   0   6   0   1   6   0   0
17   10770   10   7   0   6   0   1   6   0   0
775   699405   0   775   0   9   0   1   8   1   0
740   838810   0   740   0   5   0   1   4   1   0
99   60866   7   92   0   4   0   1   4   1   0
86   57865   9   77   0   0   0   0   0   1   0
68   29606   14   54   0   0   0   0   0   0   0
14   2777   0   14   0   0   0   0   0   0   0
38   35096   2   36   0   3   0   1   3   0   0
0   0   0   0   0   0   0   0   0   0   0
9   5742   4   5   0   18   0   0   18   0   0
65   65873   0   65   0   1   0   1   1   0   0
214   202617   2   212   0   3   0   1   3   0   0
26   32785   0   26   0   2   0   0   2   0   0
142   141633   6   136   0   2   0   0   2   0   0
306   333283   10   296   0   0   0   0   0   0   0
405   451504   2   403   0   0   0   0   0   0   0
0   0   0   0   0   14   0   0   14   0   0
2   80   2   0   0   0   0   0   0   0   0
157   131550   0   157   0   2   0   1   2   0   0
284   299756   2   282   0   0   0   0   0   0   0
17   4636   0   17   0   0   0   0   0   0   0
2   80   2   0   0   0   0   0   0   0   0
0   0   0   0   0   0   0   0   0   0   0
10   1234   10   0   0   0   0   0   0   0   0
0   0   0   0   0   0   0   0   0   0   0
0   0   0   0   0   2   0   1   2   0   0
0   0   0   0   0   16   0   0   16   0   0
31   16839   6   25   0   13   0   0   13   2   0
22   68604   22   0   0   32   0   0   32   0   0
42   107418   42   0   0   0   0   0   0   0   0
126   349124   126   0   0   24   0   0   21   0   0
416   3318337   416   0   0   23   0   0   19   0   0
324   1990594   324   0   0   8   0   0   8   0   0
239   845080   231   8   0   15   0   0   15   4   0
335   1374531   333   2   0   22   0   0   20   1   0
128   470661   128   0   0   24   0   0   17   0   0
140   299679   140   0   0   7   0   0   7   0   0
297   1576074   279   18   0   5   0   0   5   0   0
136   211542   39   97   0   6   0   0   6   0   0
106   118218   38   68   0   1   0   0   1   0   0
80   262659   80   0   0   0   0   0   0   0   0
8   807   8   0   0   7   0   0   5   0   0
14   11590   14   0   0   1   0   0   1   0   0
48   91630   48   0   0   6   0   0   6   0   0
28   21373   26   2   0   0   0   0   0   1   0
26   49658   26   0   0   2   0   0   2   0   0
6   10023   6   0   0   9   0   0   9   0   0
14   9573   14   0   0   4   0   0   4   0   0
94   198469   94   0   0   3   0   0   3   0   0
58   221771   58   0   0   7   0   0   7   0   0
18   17655   18   0   0   6   0   0   6   0   0
93   376172   91   2   0   13   0   0   8   1   0
25   21166   24   1   0   4   0   0   4   0   0
213   1200345   213   0   0   4   0   0   4   0   0
12   24862   12   0   0   1   0   0   1   0   0
111   461620   111   0   0   0   0   0   0   0   0
22   55338   22   0   0   1   0   0   1   0   0
1   200   0   1   0   0   0   0   0   0   0
1   200   0   1   0   0   0   0   0   0   0
12   5946   11   1   0   0   0   0   0   0   0
1   200   0   1   0   1   0   0   1   0   0
0   0   0   0   0   0   0   0   0   0   0
12   7909   12   0   0   0   0   0   0   0   0
0   0   0   0   0   0   0   0   0   0   0
0   0   0   0   0   11   0   0   5   0   0
0   0   0   0   0   1   0   0   1   0   0
2   80   2   0   0   0   0   0   0   0   0
10   9016   10   0   0   0   0   0   0   0   0
8   688   8   0   0   0   0   0   0   0   0
0   0   0   0   0   0   0   0   0   0   0
0   0   0   0   0   0   0   0   0   0   0
0   0   0   0   0   0   0   0   0   0   0
0   0   0   0   0   0   0   0   0   0   0
0   0   0   0   0   0   0   0   0   0   0
0   0   0   0   0   0   0   0   0   0   0
0   0   0   0   0   0   0   0   0   0   0
0   0   0   0   0   0   0   0   0   0   0
0   0   0   0   0   1   0   0   1   0   0
2   80   2   0   0   0   0   0   0   0   0
9   3481   9   0   0   1   0   0   1   0   0
8   320   8   0   0   0   0   0   0   0   0
9   3500   9   0   0   0   0   0   0   0   0
0   0   0   0   0   0   0   0   0   0   0
0   0   0   0   0   12   0   0   6   0   0
2   80   2   0   0   1   0   0   1   0   0
101   365046   101   0   0   2   0   0   2   0   0
175   1070633   175   0   0   0   0   0   0   0   0
85   445816   85   0   0   1   0   0   1   0   0
13   83113   13   0   0   0   0   0   0   0   0
7   2782   7   0   0   1   0   0   1   0   0
4   532   4   0   0   2   0   0   2   0   0
12   7500   12   0   0   0   0   0   0   0   0
0   0   0   0   0   1   0   0   1   0   0
16   12408   16   0   0   0   0   0   0   0   0
0   0   0   0   0   1   0   0   1   0   0
9   2777   9   0   0   0   0   0   0   0   0
2   423   2   0   0   1   0   0   1   0   0
14   5412   14   0   0   1   0   0   1   0   0
12   7483   12   0   0   3   0   0   3   0   0
2   80   2   0   0   10   0   0   8   0   0
78   124309   70   8   0   11   0   0   9   4   0
37   16890   35   2   0   4   0   0   4   1   0
511   3283188   507   4   0   2   0   0   2   2   0
409   2568118   409   0   0   3   0   0   2   0   0
79   368367   77   2   0   0   0   0   0   1   0
41   16131   39   2   0   0   0   0   0   1   0
0   0   0   0   0   0   0   0   0   0   0
0   0   0   0   0   0   0   0   0   0   0
0   0   0   0   0   1   0   0   1   0   0
0   0   0   0   0   1   0   0   1   0   0
7   2873   7   0   0   0   0   0   0   0   0
2   579   2   0   0   12   0   0   8   0   0
21   10565   21   0   0   3   0   0   2   0   0
18   11033   18   0   0   1   0   0   1   0   0
133   790129   133   0   0   0   0   0   0   0   0
20   17048   20   0   0   0   0   0   0   0   0
6   460   6   0   0   0   0   0   0   0   0
2   513   2   0   0   0   0   0   0   0   0
6   979   6   0   0   0   0   0   0   0   0
0   0   0   0   0   0   0   0   0   0   0
2   243   2   0   0   0   0   0   0   0   0
2   670   2   0   0   0   0   0   0   0   0
2   244   2   0   0   3   0   0   2   0   0
8   1050   8   0   0   2   0   0   2   0   0
2   629   2   0   0   10   0   0   8   0   0
30   18015   28   2   0   56   0   0   47   1   0
45   82042   45   0   0   75   0   0   64   0   0
138   67425   138   0   0   18   0   0   17   0   0
189   93295   186   3   0   11   0   0   9   2   0
75   85909   74   1   0   3   0   0   3   0   0
200   336383   197   3   0   12   0   0   2   2   0
230   386276   227   3   0   28   0   0   27   1   0
34   7641   34   0   0   0   0   0   0   0   0
102   60208   102   0   0   1   0   0   1   0   0
68   121706   68   0   0   3   0   0   2   0   0
132   182134   130   2   0   1   0   0   1   1   0
81   230755   81   0   0   0   0   0   0   0   0
43   103637   42   1   0   1   0   0   1   1   0
0   0   0   0   0   0   0   0   0   0   0
10   1414   6   4   0   1   0   0   1   2   0
0   0   0   0   0   1   0   0   1   0   0
16   3963   16   0   0   0   0   0   0   0   0
46   5961   33   13   0   0   0   0   0   7   0
112   49849   107   5   0   0   0   0   0   2   0
0   0   0   0   0   0   0   0   0   0   0
0   0   0   0   0   0   0   0   0   0   0
6   240   6   0   0   0   0   0   0   0   0
2   80   2   0   0   0   0   0   0   0   0
