20   5578   20   0   0   1   0   0   1   0   0
30   7473   30   0   0   2   0   0   1   0   0
10   1895   10   0   0   2   0   0   2   0   0
10   2789   10   0   0   1   0   0   1   0   0
10   1895   10   0   0   1   0   0   1   0   0
20   4075   20   0   0   2   0   0   2   0   0
10   1895   10   0   0   1   1   0   1   0   0
20   4075   20   0   0   1   0   0   1   0   0
10   1895   10   0   0   2   1   0   2   0   0
10   1286   10   0   0   1   0   0   1   0   0
30   6864   30   0   0   2   1   0   2   0   0
10   1895   10   0   0   2   1   0   2   0   0
20   3181   20   0   0   2   0   0   1   0   0
20   4075   20   0   0   2   2   0   1   0   0
10   1286   10   0   0   1   0   0   1   0   0
10   1895   10   0   0   1   1   0   1   0   0
30   7473   30   0   0   1   0   0   1   0   0
10   1895   10   0   0   3   0   0   2   0   0
20   4684   20   0   0   2   0   0   2   0   0
20   4684   20   0   0   1   0   0   1   0   0
10   1286   10   0   0   2   0   0   2   0   0
10   1286   10   0   0   1   1   0   1   0   0
18   2480   18   0   0   1   1   0   1   0   0
10   1286   10   0   0   2   2   0   1   0   0
39   8434   39   0   0   1   1   0   1   0   0
11   1326   11   0   0   4   0   0   2   0   0
10   1895   10   0   0   1   1   0   1   0   0
10   1895   10   0   0   1   0   0   1   0   0
40   6362   40   0   0   2   1   0   2   0   0
10   2789   10   0   0   3   1   0   2   0   0
20   4075   20   0   0   2   1   0   2   0   0
20   4075   20   0   0   1   0   0   1   0   0
10   1286   10   0   0   2   1   0   2   0   0
10   2789   10   0   0   1   1   0   1   0   0
10   2789   10   0   0   1   0   0   1   0   0
20   4684   20   0   0   1   0   0   1   0   0
10   2789   10   0   0   3   0   0   2   0   0
20   4075   20   0   0   1   1   0   1   0   0
20   3181   20   0   0   2   0   0   2   0   0
20   4684   20   0   0   1   1   0   1   0   0
30   5970   30   0   0   4   1   0   3   0   0
50   10654   50   0   0   2   0   0   2   0   0
10   1286   10   0   0   4   1   0   3   0   0
20   4684   20   0   0   1   1   0   1   0   0
10   1286   10   0   0   2   0   0   2   0   0
30   5361   30   0   0   2   1   0   2   0   0
20   5578   20   0   0   2   2   0   1   0   0
40   9368   40   0   0   3   0   0   2   0   0
30   5076   30   0   0   3   0   0   2   0   0
10   2789   10   0   0   3   1   0   2   0   0
20   4075   20   0   0   1   0   0   1   0   0
30   5970   30   0   0   2   1   0   2   0   0
10   1286   10   0   0   3   1   0   3   0   0
10   1895   10   0   0   1   1   0   1   0   0
10   1895   10   0   0   1   0   0   1   0   0
20   4684   20   0   0   2   0   0   1   0   0
20   4684   20   0   0   1   0   0   1   0   0
40   5753   40   0   0   3   1   0   3   0   0
30   8367   30   0   0   3   2   0   2   0   0
40   5753   40   0   0   4   1   0   2   0   0
30   7473   30   0   0   3   2   0   2   0   0
20   3181   20   0   0   4   1   0   3   0   0
20   4075   20   0   0   1   0   0   1   0   0
10   1895   10   0   0   2   1   0   2   0   0
20   3181   20   0   0   2   0   0   1   0   0
20   4684   20   0   0   1   1   0   1   0   0
20   3181   20   0   0   2   0   0   2   0   0
20   4684   20   0   0   2   1   0   2   0   0
20   3181   20   0   0   2   0   0   2   0   0
10   1286   10   0   0   2   1   0   2   0   0
20   4684   20   0   0   1   1   0   1   0   0
34   8483   34   0   0   2   0   0   2   0   0
10   1286   10   0   0   4   1   0   3   0   0
20   3181   20   0   0   1   1   0   1   0   0
20   5578   20   0   0   2   1   0   2   0   0
20   3790   20   0   0   2   0   0   1   0   0
20   4684   20   0   0   2   0   0   1   0   0
20   3181   20   0   0   2   0   0   2   0   0
20   3790   20   0   0   2   1   0   2   0   0
20   5578   20   0   0   2   0   0   1   0   0
20   4075   20   0   0   3   1   0   2   0   0
30   5076   30   0   0   1   0   0   1   0   0
20   4684   20   0   0   3   1   0   2   0   0
10   1895   10   0   0   2   0   0   2   0   0
20   3181   20   0   0   1   0   0   1   0   0
20   5578   20   0   0   2   1   0   2   0   0
20   4075   20   0   0   2   0   0   1   0   0
10   1895   10   0   0   2   1   0   2   0   0
20   4684   20   0   0   1   0   0   1   0   0
10   1286   10   0   0   2   0   0   2   0   0
20   3181   20   0   0   1   1   0   1   0   0
38   7164   38   0   0   2   1   0   2   0   0
10   1895   10   0   0   4   2   0   3   0   0
20   4075   20   0   0   1   0   0   1   0   0
20   4684   20   0   0   2   1   0   2   0   0
20   2572   20   0   0   2   0   0   2   0   0
10   1286   10   0   0   2   2   0   1   0   0
30   4467   30   0   0   2   1   0   2   0   0
10   2789   10   0   0   2   2   0   1   0   0
10   2789   10   0   0   1   0   0   1   0   0
10   1895   10   0   0   1   0   0   1   0   0
10   1895   10   0   0   1   0   0   1   0   0
20   4075   20   0   0   2   1   0   2   0   0
10   2789   10   0   0   1   0   0   1   0   0
10   1286   10   0   0   1   0   0   1   0   0
20   3181   20   0   0   2   1   0   2   0   0
28   6772   28   0   0   1   1   0   1   0   0
10   1895   10   0   0   3   1   0   2   0   0
10   2789   10   0   0   1   0   0   1   0   0
20   4684   20   0   0   1   0   0   1   0   0
20   3181   20   0   0   3   0   0   2   0   0
20   5578   20   0   0   1   1   0   1   0   0
30   6579   30   0   0   2   0   0   1   0   0
20   3181   20   0   0   3   0   0   2   0   0
10   2789   10   0   0   2   1   0   2   0   0
10   2789   10   0   0   1   0   0   1   0   0
20   3790   20   0   0   1   0   0   1   0   0
30   6864   30   0   0   2   0   0   1   0   0
10   1286   10   0   0   3   1   0   2   0   0
20   3181   20   0   0   1   1   0   1   0   0
20   4075   20   0   0   3   1   0   3   0   0
10   1895   10   0   0   1   1   0   1   0   0
30   5076   30   0   0   2   0   0   1   0   0
10   2789   10   0   0   2   1   0   2   0   0
30   7473   30   0   0   2   0   0   1   0   0
10   2789   10   0   0   2   0   0   2   0   0
20   3181   20   0   0   2   1   0   2   0   0
20   4684   20   0   0   1   0   0   1   0   0
20   3790   20   0   0   2   0   0   2   0   0
10   1286   10   0   0   2   0   0   1   0   0
20   3790   20   0   0   2   1   0   2   0   0
20   3790   20   0   0   1   0   0   1   0   0
10   2789   10   0   0   3   0   0   2   0   0
20   2572   20   0   0   1   1   0   1   0   0
18   3983   18   0   0   1   1   0   1   0   0
10   2789   10   0   0   2   1   0   2   0   0
20   2572   20   0   0   1   0   0   1   0   0
20   4684   20   0   0   2   2   0   1   0   0
30   4467   30   0   0   3   1   0   3   0   0
20   2572   20   0   0   2   1   0   2   0   0
18   3983   18   0   0   2   2   0   1   0   0
30   5361   30   0   0   2   1   0   2   0   0
10   1895   10   0   0   3   2   0   2   0   0
40   7256   40   0   0   1   0   0   1   0   0
10   2789   10   0   0   4   2   0   3   0   0
20   3181   20   0   0   1   0   0   1   0   0
20   3181   20   0   0   3   1   0   2   0   0
10   1895   10   0   0   1   1   0   1   0   0
20   4684   20   0   0   1   0   0   1   0   0
20   3790   20   0   0   3   0   0   2   0   0
10   1286   10   0   0   1   0   0   1   0   0
10   1895   10   0   0   2   1   0   2   0   0
20   2572   20   0   0   2   2   0   1   0   0
20   4684   20   0   0   1   0   0   1   0   0
20   2572   20   0   0   2   1   0   2   0   0
20   4075   20   0   0   1   1   0   1   0   0
20   4684   20   0   0   2   1   0   2   0   0
18   2480   18   0   0   2   0   0   2   0   0
20   4075   20   0   0   2   2   0   1   0   0
20   4684   20   0   0   2   1   0   2   0   0
10   1286   10   0   0   2   0   0   2   0   0
10   2789   10   0   0   1   1   0   1   0   0
40   6971   40   0   0   1   0   0   1   0   0
10   2789   10   0   0   4   1   0   2   0   0
20   3790   20   0   0   2   0   0   2   0   0
10   2789   10   0   0   1   0   0   1   0   0
30   6864   30   0   0   2   1   0   2   0   0
10   1286   10   0   0   2   0   0   1   0   0
10   1286   10   0   0   1   1   0   1   0   0
30   5970   30   0   0   1   1   0   1   0   0
10   1286   10   0   0   3   1   0   3   0   0
20   3181   20   0   0   1   1   0   1   0   0
30   5970   30   0   0   2   1   0   2   0   0
20   4075   20   0   0   3   1   0   3   0   0
30   5970   30   0   0   2   1   0   2   0   0
10   1895   10   0   0   3   1   0   3   0   0
10   1286   10   0   0   1   0   0   1   0   0
40   6971   40   0   0   1   1   0   1   0   0
10   2789   10   0   0   4   1   0   2   0   0
20   2572   20   0   0   2   1   0   2   0   0
8   1194   8   0   0   1   1   0   1   0   0
20   5578   20   0   0   1   1   0   1   0   0
20   4684   20   0   0   2   0   0   1   0   0
30   7473   30   0   0   2   0   0   2   0   0
20   3790   20   0   0   3   0   0   2   0   0
28   8275   28   0   0   2   0   0   1   0   0
20   3181   20   0   0   4   0   0   2   0   0
10   2789   10   0   0   1   1   0   1   0   0
40   8759   40   0   0   1   0   0   1   0   0
10   2789   10   0   0   4   1   0   3   0   0
20   4075   20   0   0   1   0   0   1   0   0
20   4684   20   0   0   2   1   0   2   0   0
20   4684   20   0   0   3   0   0   2   0   0
20   4684   20   0   0   1   0   0   1   0   0
10   1895   10   0   0   2   0   0   2   0   0
30   6864   30   0   0   3   0   0   2   0   0
20   4075   20   0   0   1   1   0   1   0   0
20   4075   20   0   0   3   1   0   2   0   0
38   9561   38   0   0   2   1   0   2   0   0
10   1286   10   0   0   3   1   0   2   0   0
30   6579   30   0   0   1   1   0   1   0   0
10   1286   10   0   0   3   0   0   2   0   0
30   4467   30   0   0   2   2   0   1   0   0
18   3089   18   0   0   3   2   0   2   0   0
