11   456   11   0   0   0   0   0   0   0   0
3   124   3   0   0   0   0   0   0   0   0
6   248   6   0   0   0   0   0   0   0   0
3   124   3   0   0   0   0   0   0   0   0
9   372   9   0   0   0   0   0   0   0   0
3   124   3   0   0   0   0   0   0   0   0
6   248   6   0   0   0   0   0   0   0   0
6   248   6   0   0   0   0   0   0   0   0
6   248   6   0   0   0   0   0   0   0   0
9   372   9   0   0   0   0   0   0   0   0
6   248   6   0   0   0   0   0   0   0   0
9   372   9   0   0   0   0   0   0   0   0
3   124   3   0   0   0   0   0   0   0   0
3   124   3   0   0   0   0   0   0   0   0
6   248   6   0   0   0   0   0   0   0   0
6   248   6   0   0   0   0   0   0   0   0
3   124   3   0   0   0   0   0   0   0   0
9   372   9   0   0   0   0   0   0   0   0
3   124   3   0   0   0   0   0   0   0   0
6   248   6   0   0   0   0   0   0   0   0
6   248   6   0   0   0   0   0   0   0   0
3   124   3   0   0   0   0   0   0   0   0
6   248   6   0   0   0   0   0   0   0   0
6   248   6   0   0   0   0   0   0   0   0
3   124   3   0   0   0   0   0   0   0   0
3   124   3   0   0   0   0   0   0   0   0
6   248   6   0   0   0   0   0   0   0   0
4   196   3   1   0   0   0   0   0   0   0
6   248   6   0   0   0   0   0   0   0   0
3   124   3   0   0   0   0   0   0   0   0
9   372   9   0   0   0   0   0   0   0   0
3   124   3   0   0   0   0   0   0   0   0
6   248   6   0   0   0   0   0   0   0   0
6   248   6   0   0   0   0   0   0   0   0
3   124   3   0   0   0   0   0   0   0   0
9   372   9   0   0   0   0   0   0   0   0
12   496   12   0   0   0   0   0   0   0   0
6   248   6   0   0   0   0   0   0   0   0
3   124   3   0   0   0   0   0   0   0   0
9   372   9   0   0   0   0   0   0   0   0
3   124   3   0   0   0   0   0   0   0   0
3   124   3   0   0   0   0   0   0   0   0
6   248   6   0   0   0   0   0   0   0   0
9   372   9   0   0   0   0   0   0   0   0
6   248   6   0   0   0   0   0   0   0   0
9   372   9   0   0   0   0   0   0   0   0
3   124   3   0   0   0   0   0   0   0   0
9   372   9   0   0   0   0   0   0   0   0
6   248   6   0   0   0   0   0   0   0   0
7   321   6   1   0   0   0   0   0   0   0
6   248   6   0   0   0   0   0   0   0   0
4   277   3   1   0   0   0   0   0   0   0
3   124   3   0   0   0   0   0   0   0   0
9   372   9   0   0   0   0   0   0   0   0
6   248   6   0   0   0   0   0   0   0   0
6   248   6   0   0   0   0   0   0   0   0
6   248   6   0   0   0   0   0   0   0   0
10   444   9   1   0   0   0   0   0   0   0
6   248   6   0   0   0   0   0   0   0   0
9   372   9   0   0   0   0   0   0   0   0
0   0   0   0   0   0   0   0   0   0   0
6   248   6   0   0   0   0   0   0   0   0
3   124   3   0   0   0   0   0   0   0   0
6   248   6   0   0   0   0   0   0   0   0
6   248   6   0   0   0   0   0   0   0   0
6   248   6   0   0   0   0   0   0   0   0
3   124   3   0   0   0   0   0   0   0   0
3   124   3   0   0   0   0   0   0   0   0
6   248   6   0   0   0   0   0   0   0   0
3   124   3   0   0   0   0   0   0   0   0
6   248   6   0   0   0   0   0   0   0   0
6   248   6   0   0   0   0   0   0   0   0
3   124   3   0   0   0   0   0   0   0   0
6   248   6   0   0   0   0   0   0   0   0
3   124   3   0   0   0   0   0   0   0   0
3   124   3   0   0   0   0   0   0   0   0
3   124   3   0   0   0   0   0   0   0   0
6   248   6   0   0   0   0   0   0   0   0
3   124   3   0   0   0   0   0   0   0   0
3   124   3   0   0   0   0   0   0   0   0
12   496   12   0   0   0   0   0   0   0   0
3   124   3   0   0   0   0   0   0   0   0
6   248   6   0   0   0   0   0   0   0   0
6   248   6   0   0   0   0   0   0   0   0
3   124   3   0   0   0   0   0   0   0   0
6   248   6   0   0   0   0   0   0   0   0
6   248   6   0   0   0   0   0   0   0   0
10   444   9   1   0   0   0   0   0   0   0
6   248   6   0   0   0   0   0   0   0   0
6   248   6   0   0   0   0   0   0   0   0
6   248   6   0   0   0   0   0   0   0   0
3   124   3   0   0   0   0   0   0   0   0
6   248   6   0   0   0   0   0   0   0   0
9   372   9   0   0   0   0   0   0   0   0
6   248   6   0   0   0   0   0   0   0   0
3   124   3   0   0   0   0   0   0   0   0
3   124   3   0   0   0   0   0   0   0   0
3   124   3   0   0   0   0   0   0   0   0
6   248   6   0   0   0   0   0   0   0   0
6   248   6   0   0   0   0   0   0   0   0
3   124   3   0   0   0   0   0   0   0   0
6   248   6   0   0   0   0   0   0   0   0
3   124   3   0   0   0   0   0   0   0   0
3   124   3   0   0   0   0   0   0   0   0
12   496   12   0   0   0   0   0   0   0   0
3   124   3   0   0   0   0   0   0   0   0
3   124   3   0   0   0   0   0   0   0   0
6   248   6   0   0   0   0   0   0   0   0
6   248   6   0   0   0   0   0   0   0   0
6   248   6   0   0   0   0   0   0   0   0
6   248   6   0   0   0   0   0   0   0   0
6   248   6   0   0   0   0   0   0   0   0
6   248   6   0   0   0   0   0   0   0   0
3   124   3   0   0   0   0   0   0   0   0
4   318   3   1   0   0   0   0   0   0   0
7   442   6   1   0   0   0   0   0   0   0
7   442   6   1   0   0   0   0   0   0   0
5   390   3   2   0   0   0   0   0   0   0
6   248   6   0   0   0   0   0   0   0   0
3   124   3   0   0   0   0   0   0   0   0
6   248   6   0   0   0   0   0   0   0   0
3   124   3   0   0   0   0   0   0   0   0
3   124   3   0   0   0   0   0   0   0   0
3   124   3   0   0   0   0   0   0   0   0
3   124   3   0   0   0   0   0   0   0   0
6   248   6   0   0   0   0   0   0   0   0
6   248   6   0   0   0   0   0   0   0   0
6   248   6   0   0   0   0   0   0   0   0
9   372   9   0   0   0   0   0   0   0   0
3   124   3   0   0   0   0   0   0   0   0
6   248   6   0   0   0   0   0   0   0   0
3   124   3   0   0   0   0   0   0   0   0
6   248   6   0   0   0   0   0   0   0   0
3   124   3   0   0   0   0   0   0   0   0
3   124   3   0   0   0   0   0   0   0   0
12   496   12   0   0   0   0   0   0   0   0
6   248   6   0   0   0   0   0   0   0   0
9   372   9   0   0   0   0   0   0   0   0
3   124   3   0   0   0   0   0   0   0   0
6   248   6   0   0   0   0   0   0   0   0
6   248   6   0   0   0   0   0   0   0   0
6   248   6   0   0   0   0   0   0   0   0
3   124   3   0   0   0   0   0   0   0   0
9   372   9   0   0   0   0   0   0   0   0
3   124   3   0   0   0   0   0   0   0   0
6   248   6   0   0   0   0   0   0   0   0
3   124   3   0   0   0   0   0   0   0   0
4   196   3   1   0   0   0   0   0   0   0
6   248   6   0   0   0   0   0   0   0   0
6   248   6   0   0   0   0   0   0   0   0
9   372   9   0   0   0   0   0   0   0   0
6   248   6   0   0   0   0   0   0   0   0
3   124   3   0   0   0   0   0   0   0   0
6   248   6   0   0   0   0   0   0   0   0
9   372   9   0   0   0   0   0   0   0   0
3   124   3   0   0   0   0   0   0   0   0
3   124   3   0   0   0   0   0   0   0   0
6   248   6   0   0   0   0   0   0   0   0
3   124   3   0   0   0   0   0   0   0   0
6   248   6   0   0   0   0   0   0   0   0
6   248   6   0   0   0   0   0   0   0   0
6   248   6   0   0   0   0   0   0   0   0
3   124   3   0   0   0   0   0   0   0   0
6   248   6   0   0   0   0   0   0   0   0
3   124   3   0   0   0   0   0   0   0   0
6   248   6   0   0   0   0   0   0   0   0
3   124   3   0   0   0   0   0   0   0   0
6   248   6   0   0   0   0   0   0   0   0
6   248   6   0   0   0   0   0   0   0   0
4   197   3   1   0   0   0   0   0   0   0
6   248   6   0   0   0   0   0   0   0   0
7   401   6   1   0   0   0   0   0   0   0
3   124   3   0   0   0   0   0   0   0   0
3   124   3   0   0   0   0   0   0   0   0
6   248   6   0   0   0   0   0   0   0   0
9   372   9   0   0   0   0   0   0   0   0
6   248   6   0   0   0   0   0   0   0   0
10   444   9   1   0   0   0   0   0   0   0
9   372   9   0   0   0   0   0   0   0   0
6   248   6   0   0   0   0   0   0   0   0
3   124   3   0   0   0   0   0   0   0   0
6   248   6   0   0   0   0   0   0   0   0
3   124   3   0   0   0   0   0   0   0   0
9   372   9   0   0   0   0   0   0   0   0
6   248   6   0   0   0   0   0   0   0   0
3   124   3   0   0   0   0   0   0   0   0
6   248   6   0   0   0   0   0   0   0   0
3   124   3   0   0   0   0   0   0   0   0
6   248   6   0   0   0   0   0   0   0   0
3   124   3   0   0   0   0   0   0   0   0
6   248   6   0   0   0   0   0   0   0   0
9   372   9   0   0   0   0   0   0   0   0
9   372   9   0   0   0   0   0   0   0   0
3   124   3   0   0   0   0   0   0   0   0
12   496   12   0   0   0   0   0   0   0   0
3   124   3   0   0   0   0   0   0   0   0
3   124   3   0   0   0   0   0   0   0   0
6   248   6   0   0   0   0   0   0   0   0
3   124   3   0   0   0   0   0   0   0   0
3   124   3   0   0   0   0   0   0   0   0
12   496   12   0   0   0   0   0   0   0   0
3   124   3   0   0   0   0   0   0   0   0
6   248   6   0   0   0   0   0   0   0   0
3   124   3   0   0   0   0   0   0   0   0
