6   252   0   3   3   0   0   0   0   0   0
4   168   0   2   2   0   0   0   0   0   0
4   168   0   2   2   0   0   0   0   0   0
4   168   0   2   2   0   0   0   0   0   0
2   84   0   1   1   0   0   0   0   0   0
2   84   0   1   1   0   0   0   0   0   0
2   84   0   1   1   0   0   0   0   0   0
4   140   0   3   1   0   0   0   0   0   0
3   112   0   2   1   0   0   0   0   0   0
4   185   0   3   1   0   0   0   0   0   0
2   84   0   1   1   0   0   0   0   0   0
3   237   0   2   1   0   0   0   0   0   0
4   140   0   3   1   0   0   0   0   0   0
3   112   0   2   1   0   0   0   0   0   0
2   84   0   1   1   0   0   0   0   0   0
6   196   0   5   1   0   0   0   0   0   0
2   84   0   1   1   0   0   0   0   0   0
6   240   0   5   1   0   0   0   0   0   0
2   84   0   1   1   0   0   0   0   0   0
2   84   0   1   1   0   0   0   0   0   0
3   112   0   2   1   0   0   0   0   0   0
3   112   0   2   1   0   0   0   0   0   0
4   140   0   3   1   0   0   0   0   0   0
2   84   0   1   1   0   0   0   0   0   0
2   84   0   1   1   0   0   0   0   0   0
2   84   0   1   1   0   0   0   0   0   0
4   140   0   3   1   0   0   0   0   0   0
4   140   0   3   1   0   0   0   0   0   0
3   112   0   2   1   0   0   0   0   0   0
3   112   0   2   1   0   0   0   0   0   0
2   84   0   1   1   0   0   0   0   0   0
3   112   0   2   1   0   0   0   0   0   0
3   112   0   2   1   0   0   0   0   0   0
5   168   0   4   1   0   0   0   0   0   0
5   168   0   4   1   0   0   0   0   0   0
2   84   0   1   1   0   0   0   0   0   0
3   112   0   2   1   0   0   0   0   0   0
2   84   0   1   1   0   0   0   0   0   0
2   84   0   1   1   0   0   0   0   0   0
3   112   0   2   1   0   0   0   0   0   0
3   112   0   2   1   0   0   0   0   0   0
6   196   0   5   1   0   0   0   0   0   0
2   84   0   1   1   0   0   0   0   0   0
2   84   0   1   1   0   0   0   0   0   0
3   112   0   2   1   0   0   0   0   0   0
3   112   0   2   1   0   0   0   0   0   0
2   84   0   1   1   0   0   0   0   0   0
4   184   0   3   1   0   0   0   0   0   0
2   84   0   1   1   0   0   0   0   0   0
2   84   0   1   1   0   0   0   0   0   0
2   84   0   1   1   0   0   0   0   0   0
3   112   0   2   1   0   0   0   0   0   0
3   112   0   2   1   0   0   0   0   0   0
2   84   0   1   1   0   0   0   0   0   0
3   112   0   2   1   0   0   0   0   0   0
3   112   0   2   1   0   0   0   0   0   0
5   168   0   4   1   0   0   0   0   0   0
2   84   0   1   1   0   0   0   0   0   0
2   84   0   1   1   0   0   0   0   0   0
3   112   0   2   1   0   0   0   0   0   0
2   84   0   1   1   0   0   0   0   0   0
4   140   0   3   1   0   0   0   0   0   0
4   140   0   3   1   0   0   0   0   0   0
2   84   0   1   1   0   0   0   0   0   0
4   168   0   2   2   0   0   0   0   0   0
0   0   0   0   0   0   0   0   0   0   0
3   112   0   2   1   0   0   0   0   0   0
2   84   0   1   1   0   0   0   0   0   0
2   84   0   1   1   0   0   0   0   0   0
3   112   0   2   1   0   0   0   0   0   0
3   112   0   2   1   0   0   0   0   0   0
2   84   0   1   1   0   0   0   0   0   0
2   84   0   1   1   0   0   0   0   0   0
3   112   0   2   1   0   0   0   0   0   0
3   278   0   2   1   0   0   0   0   0   0
4   306   0   3   1   0   0   0   0   0   0
4   306   0   3   1   0   0   0   0   0   0
4   350   0   3   1   0   0   0   0   0   0
3   112   0   2   1   0   0   0   0   0   0
3   112   0   2   1   0   0   0   0   0   0
2   84   0   1   1   0   0   0   0   0   0
4   140   0   3   1   0   0   0   0   0   0
2   84   0   1   1   0   0   0   0   0   0
3   112   0   2   1   0   0   0   0   0   0
2   84   0   1   1   0   0   0   0   0   0
2   84   0   1   1   0   0   0   0   0   0
5   168   0   4   1   0   0   0   0   0   0
2   84   0   1   1   0   0   0   0   0   0
5   168   0   4   1   0   0   0   0   0   0
2   84   0   1   1   0   0   0   0   0   0
2   84   0   1   1   0   0   0   0   0   0
3   112   0   2   1   0   0   0   0   0   0
3   112   0   2   1   0   0   0   0   0   0
2   84   0   1   1   0   0   0   0   0   0
3   112   0   2   1   0   0   0   0   0   0
3   112   0   2   1   0   0   0   0   0   0
2   84   0   1   1   0   0   0   0   0   0
4   140   0   3   1   0   0   0   0   0   0
3   112   0   2   1   0   0   0   0   0   0
2   84   0   1   1   0   0   0   0   0   0
4   140   0   3   1   0   0   0   0   0   0
3   112   0   2   1   0   0   0   0   0   0
4   140   0   3   1   0   0   0   0   0   0
2   84   0   1   1   0   0   0   0   0   0
2   84   0   1   1   0   0   0   0   0   0
3   112   0   2   1   0   0   0   0   0   0
2   84   0   1   1   0   0   0   0   0   0
5   212   0   4   1   0   0   0   0   0   0
3   112   0   2   1   0   0   0   0   0   0
3   112   0   2   1   0   0   0   0   0   0
2   84   0   1   1   0   0   0   0   0   0
4   140   0   3   1   0   0   0   0   0   0
4   140   0   3   1   0   0   0   0   0   0
3   112   0   2   1   0   0   0   0   0   0
4   140   0   3   1   0   0   0   0   0   0
2   84   0   1   1   0   0   0   0   0   0
2   84   0   1   1   0   0   0   0   0   0
3   112   0   2   1   0   0   0   0   0   0
4   140   0   3   1   0   0   0   0   0   0
2   84   0   1   1   0   0   0   0   0   0
3   112   0   2   1   0   0   0   0   0   0
3   112   0   2   1   0   0   0   0   0   0
2   84   0   1   1   0   0   0   0   0   0
3   112   0   2   1   0   0   0   0   0   0
3   112   0   2   1   0   0   0   0   0   0
3   112   0   2   1   0   0   0   0   0   0
2   84   0   1   1   0   0   0   0   0   0
4   140   0   3   1   0   0   0   0   0   0
3   112   0   2   1   0   0   0   0   0   0
5   213   0   4   1   0   0   0   0   0   0
2   84   0   1   1   0   0   0   0   0   0
3   237   0   2   1   0   0   0   0   0   0
4   140   0   3   1   0   0   0   0   0   0
2   84   0   1   1   0   0   0   0   0   0
2   84   0   1   1   0   0   0   0   0   0
2   84   0   1   1   0   0   0   0   0   0
3   112   0   2   1   0   0   0   0   0   0
3   156   0   2   1   0   0   0   0   0   0
3   112   0   2   1   0   0   0   0   0   0
3   112   0   2   1   0   0   0   0   0   0
4   140   0   3   1   0   0   0   0   0   0
3   112   0   2   1   0   0   0   0   0   0
6   224   0   4   2   0   0   0   0   0   0
2   56   0   2   0   0   0   0   0   0   0
3   112   0   2   1   0   0   0   0   0   0
4   140   0   3   1   0   0   0   0   0   0
2   84   0   1   1   0   0   0   0   0   0
2   84   0   1   1   0   0   0   0   0   0
2   84   0   1   1   0   0   0   0   0   0
2   84   0   1   1   0   0   0   0   0   0
2   84   0   1   1   0   0   0   0   0   0
3   112   0   2   1   0   0   0   0   0   0
2   84   0   1   1   0   0   0   0   0   0
4   140   0   3   1   0   0   0   0   0   0
2   84   0   1   1   0   0   0   0   0   0
2   84   0   1   1   0   0   0   0   0   0
3   112   0   2   1   0   0   0   0   0   0
3   112   0   2   1   0   0   0   0   0   0
2   84   0   1   1   0   0   0   0   0   0
2   84   0   1   1   0   0   0   0   0   0
2   84   0   1   1   0   0   0   0   0   0
3   112   0   2   1   0   0   0   0   0   0
3   112   0   2   1   0   0   0   0   0   0
2   84   0   1   1   0   0   0   0   0   0
2   84   0   1   1   0   0   0   0   0   0
2   84   0   1   1   0   0   0   0   0   0
4   140   0   3   1   0   0   0   0   0   0
7   268   0   6   1   0   0   0   0   0   0
